2006-04-01,10.2574,,,
2006-04-02,10.2596,,,
2006-04-03,10.2616,,,
2006-04-04,10.2637,,,
2006-04-05,10.2657,,,
2006-04-06,10.2657,,,
2006-04-07,10.2696,,,
2006-04-08,10.2716,,,
2006-04-09,10.2736,,,
2006-04-10,10.2755,,,
2006-04-11,10.2755,,,
2006-04-12,10.2793,,,
2006-04-13,10.2813,,,
2006-04-14,10.2813,,,
2006-04-15,10.2853,,,
2006-04-16,10.2873,,,
2006-04-17,10.2894,,,
2006-04-18,10.2914,,,
2006-04-19,10.2934,,,
2006-04-20,10.2953,,,
2006-04-21,10.2973,,,
2006-04-22,10.2994,,,
2006-04-23,10.3014,,,
2006-04-24,10.3034,,,
2006-04-25,10.3063,,,
2006-04-26,10.3083,,,
2006-04-27,10.3104,,,
2006-04-28,10.3125,,,
2006-04-29,10.3145,,,
2006-04-30,10.3166,,,
2006-05-01,10.3186,,,
2006-05-02,10.3207,,,
2006-05-03,10.3227,,,
2006-05-04,10.3247,,,
2006-05-05,10.3267,,,
2006-05-06,10.3286,,,
2006-05-07,10.3306,,,
2006-05-08,10.3324,,,
2006-05-09,10.3343,,,
2006-05-10,10.3362,,,
2006-05-11,10.338,,,
2006-05-12,10.3398,,,
2006-05-13,10.3398,,,
2006-05-14,10.3398,,,
2006-05-15,10.3454,,,
2006-05-16,10.3473,,,
2006-05-17,10.3492,,,
2006-05-18,10.351,,,
2006-05-19,10.3529,,,
2006-05-20,10.3547,,,
2006-05-21,10.3565,,,
2006-05-22,10.3584,,,
2006-05-23,10.3603,,,
2006-05-24,10.3622,,,
2006-05-25,10.3641,,,
2006-05-26,10.3659,,,
2006-05-27,10.3678,,,
2006-05-28,10.3697,,,
2006-05-29,10.3716,,,
2006-05-30,10.3735,,,
2006-05-31,10.3755,,,
2006-06-01,10.3774,,,
2006-06-02,10.3793,,,
2006-06-03,10.3812,,,
2006-06-04,10.3812,,,
2006-06-05,10.3851,,,
2006-06-06,10.3869,,,
2006-06-07,10.3888,,,
2006-06-08,10.3907,,,
2006-06-09,10.3926,,,
2006-06-10,10.3945,,,
2006-06-11,10.3964,,,
2006-06-12,10.3984,,,
2006-06-13,10.4002,,,
2006-06-14,10.402,,,
2006-06-15,10.4039,,,
2006-06-16,10.4057,,,
2006-06-17,10.4057,,,
2006-06-18,10.4057,,,
2006-06-19,10.4113,,,
2006-06-20,10.4131,,,
2006-06-21,10.4149,,,
2006-06-22,10.4168,,,
2006-06-23,10.4186,,,
2006-06-24,10.4205,,,
2006-06-25,10.4223,,,
2006-06-26,10.4242,,,
2006-06-27,10.426,,,
2006-06-28,10.4279,,,
2006-06-29,10.4298,,,
2006-06-30,10.4318,,,
2006-07-01,10.4337,,,
2006-07-02,10.4356,,,
2006-07-03,10.4375,,,
2006-07-04,10.4393,,,
2006-07-05,10.4412,,,
2006-07-06,10.443,,,
2006-07-07,10.4448,,,
2006-07-08,10.4466,,,
2006-07-09,10.4484,,,
2006-07-10,10.4502,,,
2006-07-11,10.452,,,
2006-07-12,10.4538,,,
2006-07-13,10.4557,,,
2006-07-14,10.4578,,,
2006-07-15,10.4596,,,
2006-07-16,10.4615,,,
2006-07-17,10.4634,,,
2006-07-18,10.4652,,,
2006-07-19,10.4671,,,
2006-07-20,10.4689,,,
2006-07-21,10.4711,,,
2006-07-22,10.4729,,,
2006-07-23,10.4748,,,
2006-07-24,10.4766,,,
2006-07-25,10.4784,,,
2006-07-26,10.4803,,,
2006-07-27,10.4822,,,
2006-07-28,10.484,,,
2006-07-29,10.4859,,,
2006-07-30,10.4877,,,
2006-07-31,10.4903,,,
2006-08-01,10.4922,,,
2006-08-02,10.4941,,,
2006-08-03,10.496,,,
2006-08-04,10.4978,,,
2006-08-05,10.4997,,,
2006-08-06,10.5015,,,
2006-08-07,10.5034,,,
2006-08-08,10.5052,,,
2006-08-09,10.5071,,,
2006-08-10,10.509,,,
2006-08-11,10.5109,,,
2006-08-12,10.5127,,,
2006-08-13,10.5146,,,
2006-08-14,10.5166,,,
2006-08-15,10.5166,,,
2006-08-16,10.5203,,,
2006-08-17,10.5222,,,
2006-08-18,10.5242,,,
2006-08-19,10.5261,,,
2006-08-20,10.528,,,
2006-08-21,10.5299,,,
2006-08-22,10.5319,,,
2006-08-23,10.5339,,,
2006-08-24,10.5361,,,
2006-08-25,10.538,,,
2006-08-26,10.5399,,,
2006-08-27,10.5418,,,
2006-08-28,10.5437,,,
2006-08-29,10.5457,,,
2006-08-30,10.5476,,,
2006-08-31,10.5495,,,
2006-09-01,10.5514,,,
2006-09-02,10.5533,,,
2006-09-03,10.5552,,,
2006-09-04,10.5572,,,
2006-09-05,10.5592,,,
2006-09-06,10.5611,,,
2006-09-07,10.563,,,
2006-09-08,10.5651,,,
2006-09-09,10.567,,,
2006-09-10,10.569,,,
2006-09-11,10.5709,,,
2006-09-12,10.5728,,,
2006-09-13,10.5748,,,
2006-09-14,10.5768,,,
2006-09-15,10.5788,,,
2006-09-16,10.5808,,,
2006-09-17,10.5828,,,
2006-09-18,10.5848,,,
2006-09-19,10.5868,,,
2006-09-20,10.5888,,,
2006-09-21,10.5908,,,
2006-09-22,10.5928,,,
2006-09-23,10.5949,,,
2006-09-24,10.5968,,,
2006-09-25,10.5988,,,
2006-09-26,10.6008,,,
2006-09-27,10.6027,,,
2006-09-28,10.6048,,,
2006-09-29,10.6067,,,
2006-09-30,10.6087,,,
2006-10-01,10.6107,,,
2006-10-02,10.6127,,,
2006-10-03,10.6147,,,
2006-10-04,10.6167,,,
2006-10-05,10.6187,,,
2006-10-06,10.6207,,,
2006-10-07,10.6207,,,
2006-10-08,10.6246,,,
2006-10-09,10.6267,,,
2006-10-10,10.6287,,,
2006-10-11,10.6308,,,
2006-10-12,10.6328,,,
2006-10-13,10.6347,,,
2006-10-14,10.6367,,,
2006-10-15,10.6387,,,
2006-10-16,10.6406,,,
2006-10-17,10.6426,,,
2006-10-18,10.6446,,,
2006-10-19,10.6466,,,
2006-10-20,10.6492,,,
2006-10-21,10.6512,,,
2006-10-22,10.6533,,,
2006-10-23,10.6553,,,
2006-10-24,10.6573,,,
2006-10-25,10.6594,,,
2006-10-26,10.6614,,,
2006-10-27,10.6634,,,
2006-10-28,10.6655,,,
2006-10-29,10.6675,,,
2006-10-30,10.6695,,,
2006-10-31,10.6715,,,
2006-11-01,10.6736,,,
2006-11-02,10.6756,,,
2006-11-03,10.6776,,,
2006-11-04,10.6798,,,
2006-11-05,10.6818,,,
2006-11-06,10.6837,,,
2006-11-07,10.6858,,,
2006-11-08,10.6879,,,
2006-11-09,10.6899,,,
2006-11-10,10.6919,,,
2006-11-11,10.694,,,
2006-11-12,10.696,,,
2006-11-13,10.698,,,
2006-11-14,10.7001,,,
2006-11-15,10.7022,,,
2006-11-16,10.7043,,,
2006-11-17,10.7063,,,
2006-11-18,10.7084,,,
2006-11-19,10.7105,,,
2006-11-20,10.7125,,,
2006-11-21,10.7146,,,
2006-11-22,10.7167,,,
2006-11-23,10.7187,,,
2006-11-24,10.7214,,,
2006-11-25,10.7234,,,
2006-11-26,10.7255,,,
2006-11-27,10.7276,,,
2006-11-28,10.7296,,,
2006-11-29,10.7318,,,
2006-11-30,10.7339,,,
2006-12-01,10.7367,,,
2006-12-02,10.7387,,,
2006-12-03,10.7408,,,
2006-12-04,10.7428,,,
2006-12-05,10.7449,,,
2006-12-06,10.747,,,
2006-12-07,10.7491,,,
2006-12-08,10.7513,,,
2006-12-09,10.7533,,,
2006-12-10,10.7553,,,
2006-12-11,10.7572,,,
2006-12-12,10.7593,,,
2006-12-13,10.7615,,,
2006-12-14,10.7635,,,
2006-12-15,10.7657,,,
2006-12-16,10.7679,,,
2006-12-17,10.7701,,,
2006-12-18,10.7723,,,
2006-12-19,10.7744,,,
2006-12-20,10.7765,,,
2006-12-21,10.7787,,,
2006-12-22,10.7809,,,
2006-12-23,10.7832,,,
2006-12-24,10.7855,,,
2006-12-25,10.7877,,,
2006-12-26,10.79,,,
2006-12-27,10.7924,,,
2006-12-28,10.7944,,,
2006-12-29,10.797,,,
2006-12-30,10.7995,,,
2006-12-31,10.8021,,,
2007-01-01,10.8046,,,
2007-01-02,10.807,,,
2007-01-03,10.8092,,,
2007-01-04,10.8114,,,
2007-01-05,10.8136,,,
2007-01-06,10.8158,,,
2007-01-07,10.818,,,
2007-01-08,10.8203,,,
2007-01-09,10.8225,,,
2007-01-10,10.8248,,,
2007-01-11,10.8271,,,
2007-01-12,10.8294,,,
2007-01-13,10.8317,,,
2007-01-14,10.834,,,
2007-01-15,10.8363,,,
2007-01-16,10.8385,,,
2007-01-17,10.8405,,,
2007-01-18,10.8428,,,
2007-01-19,10.845,,,
2007-01-20,10.8473,,,
2007-01-21,10.8496,,,
2007-01-22,10.8519,,,
2007-01-23,10.854,,,
2007-01-24,10.8563,,,
2007-01-25,10.8585,,,
2007-01-26,10.8585,,,
2007-01-27,10.8631,,,
2007-01-28,10.8654,,,
2007-01-29,10.8677,,,
2007-01-30,10.8677,,,
2007-01-31,10.8722,,,
2007-02-01,10.8722,,,
2007-02-02,10.8768,,,
2007-02-03,10.8791,,,
2007-02-04,10.8814,,,
2007-02-05,10.8838,,,
2007-02-06,10.886,,,
2007-02-07,10.8883,,,
2007-02-08,10.8905,,,
2007-02-09,10.8927,,,
2007-02-10,10.895,,,
2007-02-11,10.8972,,,
2007-02-12,10.8994,,,
2007-02-13,10.9016,,,
2007-02-14,10.9038,,,
2007-02-15,10.9062,,,
2007-02-16,10.9086,,,
2007-02-17,10.9111,,,
2007-02-18,10.9135,,,
2007-02-19,10.9159,,,
2007-02-20,10.9182,,,
2007-02-21,10.9206,,,
2007-02-22,10.9227,,,
2007-02-23,10.9248,,,
2007-02-24,10.927,,,
2007-02-25,10.9292,,,
2007-02-26,10.9314,,,
2007-02-27,10.9335,,,
2007-02-28,10.9356,,,
2007-03-01,10.9378,,,
2007-03-02,10.94,,,
2007-03-03,10.9422,,,
2007-03-04,10.9444,,,
2007-03-05,10.9465,,,
2007-03-06,10.9487,,,
2007-03-07,10.9509,,,
2007-03-08,10.9531,,,
2007-03-09,10.9554,,,
2007-03-10,10.9576,,,
2007-03-11,10.9598,,,
2007-03-12,10.962,,,
2007-03-13,10.9642,,,
2007-03-14,10.9665,,,
2007-03-15,10.9689,,,
2007-03-16,10.9717,,,
2007-03-17,10.9747,,,
2007-03-18,10.9776,,,
2007-03-19,10.9806,,,
2007-03-20,10.9843,,,
2007-03-21,10.9895,,,
2007-03-22,10.994,,,
2007-03-23,10.9968,,,
2007-03-24,11.0003,,,
2007-03-25,11.0037,,,
2007-03-26,11.0072,,,
2007-03-27,11.0072,,,
2007-03-28,11.0153,,,
2007-03-29,11.0183,,,
2007-03-30,11.0243,7.4766,,
2007-03-31,11.0243,7.4766,,
2007-04-01,11.0243,7.4766,,
2007-04-02,11.0423,7.629,,
2007-04-03,11.0456,7.6401,,
2007-04-04,11.0486,7.6473,,
2007-04-05,11.0514,7.5918,,
2007-04-06,11.0514,7.5918,,
2007-04-07,11.0514,7.5918,,
2007-04-08,11.0514,7.5918,,
2007-04-09,11.0621,7.675,,
2007-04-10,11.0645,7.6785,,
2007-04-11,11.0668,7.7008,,
2007-04-12,11.0689,7.6815,,
2007-04-13,11.0713,7.642,,
2007-04-14,11.0713,7.642,,
2007-04-15,11.0713,7.642,,
2007-04-16,11.0786,7.692,,
2007-04-17,11.0818,7.7011,,
2007-04-18,11.0849,7.7103,,
2007-04-19,11.0878,7.7176,,
2007-04-20,11.0907,7.7259,,
2007-04-21,11.0936,7.7331,,
2007-04-22,11.0965,7.7393,,
2007-04-23,11.0994,7.7465,,
2007-04-24,11.1022,7.7528,,
2007-04-25,11.1049,7.7487,,
2007-04-26,11.1076,7.7539,,
2007-04-27,11.1109,7.764,,
2007-04-28,11.1136,7.7682,,
2007-04-29,11.1163,7.7735,,
2007-04-30,11.1191,7.7359,,
2007-05-01,11.1191,7.7359,,
2007-05-02,11.1191,7.7359,,
2007-05-03,11.1275,7.7964,,
2007-05-04,11.13,7.7997,,
2007-05-05,11.1327,7.805,,
2007-05-06,11.1353,7.8104,,
2007-05-07,11.1379,7.8146,,
2007-05-08,11.1405,7.821,,
2007-05-09,11.1429,7.8244,,
2007-05-10,11.1454,7.8288,,
2007-05-11,11.1482,7.8371,,
2007-05-12,11.1509,7.8444,,
2007-05-13,11.1536,7.8706,,
2007-05-14,11.1564,7.8976,,
2007-05-15,11.1592,7.8663,,
2007-05-16,11.162,7.8736,,
2007-05-17,11.1648,7.8808,,
2007-05-18,11.1674,7.8872,,
2007-05-19,11.1701,7.8934,,
2007-05-20,11.1728,7.9008,,
2007-05-21,11.1755,7.9081,,
2007-05-22,11.1782,7.9143,,
2007-05-23,11.1809,7.9206,,
2007-05-24,11.1836,7.9269,,
2007-05-25,11.1864,7.9154,,
2007-05-26,11.1864,7.9154,,
2007-05-27,11.1919,7.9486,,
2007-05-28,11.1946,7.9549,,
2007-05-29,11.197,7.9583,,
2007-05-30,11.1994,7.9616,,
2007-05-31,11.2016,7.962,,
2007-06-01,11.2037,7.9625,,
2007-06-02,11.2059,7.9639,,
2007-06-03,11.208,7.9644,,
2007-06-04,11.2101,7.9846,,
2007-06-05,11.2121,7.9633,,
2007-06-06,11.2143,7.9658,,
2007-06-07,11.2164,7.9663,,
2007-06-08,11.2184,7.9658,,
2007-06-09,11.2205,7.9662,,
2007-06-10,11.2225,7.9658,,
2007-06-11,11.2245,7.9653,,
2007-06-12,11.2266,7.9647,,
2007-06-13,11.2288,7.9672,,
2007-06-14,11.231,7.9696,,
2007-06-15,11.2333,7.972,,
2007-06-16,11.2355,7.9745,,
2007-06-17,11.2378,7.9966,,
2007-06-18,11.24,8.0177,,
2007-06-19,11.2423,7.9817,,
2007-06-20,11.2443,7.9823,,
2007-06-21,11.2468,7.9876,,
2007-06-22,11.2491,7.99,,
2007-06-23,11.2516,7.9953,,
2007-06-24,11.2539,7.9977,,
2007-06-25,11.2562,8.0011,,
2007-06-26,11.2589,8.0073,,
2007-06-27,11.2615,8.0136,,
2007-06-28,11.2641,8.0189,,
2007-06-29,11.2668,8.0251,,
2007-06-30,11.2692,8.0274,,
2007-07-01,11.2716,8.0307,,
2007-07-02,11.2744,8.0379,,
2007-07-03,11.2763,8.0364,,
2007-07-04,11.2791,8.0446,,
2007-07-05,11.2813,8.046,,
2007-07-06,11.283,8.0437,,
2007-07-07,11.285,8.0442,,
2007-07-08,11.287,8.0447,,
2007-07-09,11.289,8.0453,,
2007-07-10,11.291,8.0458,,
2007-07-11,11.2929,8.0454,,
2007-07-12,11.2948,8.0449,,
2007-07-13,11.2962,8.0387,,
2007-07-14,11.2977,8.0313,,
2007-07-15,11.2991,8.0261,,
2007-07-16,11.3007,8.0218,,
2007-07-17,11.3032,8.0261,,
2007-07-18,11.3051,8.0256,,
2007-07-19,11.3068,8.0223,,
2007-07-20,11.3084,8.019,,
2007-07-21,11.31,8.0116,,
2007-07-22,11.3117,8.0092,,
2007-07-23,11.314,8.0116,,
2007-07-24,11.3158,8.0102,,
2007-07-25,11.3177,8.0098,,
2007-07-26,11.3196,8.0084,,
2007-07-27,11.3215,8.0069,,
2007-07-28,11.3233,8.0055,,
2007-07-29,11.3251,8.0031,,
2007-07-30,11.327,8.0027,,
2007-07-31,11.3288,7.9931,,
2007-08-01,11.3307,7.9917,,
2007-08-02,11.3326,7.9902,,
2007-08-03,11.3345,7.9888,,
2007-08-04,11.3365,7.9893,,
2007-08-05,11.3386,7.9898,,
2007-08-06,11.3408,7.9922,,
2007-08-07,11.3431,7.9946,,
2007-08-08,11.3453,7.997,,
2007-08-09,11.3475,7.9984,,
2007-08-10,11.3501,8.0036,,
2007-08-11,11.3523,8.005,,
2007-08-12,11.3546,8.0084,,
2007-08-13,11.3569,8.0108,,
2007-08-14,11.3595,8.0149,,
2007-08-15,11.3617,8.0359,,
2007-08-16,11.364,8.0197,,
2007-08-17,11.3663,8.0221,,
2007-08-18,11.3687,8.0244,,
2007-08-19,11.371,8.0267,,
2007-08-20,11.3733,8.0291,,
2007-08-21,11.3759,8.0343,,
2007-08-22,11.3783,8.0365,,
2007-08-23,11.3807,8.0388,,
2007-08-24,11.3832,8.04,,
2007-08-25,11.3858,8.0452,,
2007-08-26,11.388,8.0466,,
2007-08-27,11.3905,8.0508,,
2007-08-28,11.3927,8.0522,,
2007-08-29,11.3949,8.0526,,
2007-08-30,11.3971,8.054,,
2007-08-31,11.3993,8.0554,,
2007-09-01,11.4015,8.0568,,
2007-09-02,11.4037,8.0581,,
2007-09-03,11.4059,8.0595,,
2007-09-04,11.4081,8.0599,,
2007-09-05,11.4103,8.0603,,
2007-09-06,11.4125,8.0617,,
2007-09-07,11.4147,8.0631,,
2007-09-08,11.4168,8.0614,,
2007-09-09,11.419,8.0628,,
2007-09-10,11.4214,8.0651,,
2007-09-11,11.4236,8.0665,,
2007-09-12,11.4258,8.0679,,
2007-09-13,11.428,8.0682,,
2007-09-14,11.4303,8.0287,,
2007-09-15,11.4303,8.0287,,
2007-09-16,11.4303,8.0287,,
2007-09-17,11.4373,8.0744,,
2007-09-18,11.4396,8.0757,,
2007-09-19,11.4419,8.077,,
2007-09-20,11.4442,8.0783,,
2007-09-21,11.4467,8.0815,,
2007-09-22,11.4491,8.0838,,
2007-09-23,11.4516,8.086,,
2007-09-24,11.454,8.0892,,
2007-09-25,11.4563,8.0905,,
2007-09-26,11.4585,8.0909,,
2007-09-27,11.4608,8.0932,,
2007-09-28,11.4632,8.0944,,
2007-09-29,11.4656,8.0977,,
2007-09-30,11.468,8.1,,
2007-10-01,11.4707,8.0847,,
2007-10-02,11.4707,8.0847,,
2007-10-03,11.473,8.086,,
2007-10-04,11.4758,8.092,,
2007-10-05,11.4781,8.0933,,
2007-10-06,11.4803,8.0936,,
2007-10-07,11.4825,8.1143,,
2007-10-08,11.4847,8.0954,,
2007-10-09,11.4875,8.1004,,
2007-10-10,11.4902,8.1054,,
2007-10-11,11.4927,8.1076,,
2007-10-12,11.4953,8.1117,,
2007-10-13,11.4975,8.1131,,
2007-10-14,11.5,8.1162,,
2007-10-15,11.5025,8.1194,,
2007-10-16,11.505,8.1236,,
2007-10-17,11.5077,8.1287,,
2007-10-18,11.5104,8.1337,,
2007-10-19,11.513,8.1378,,
2007-10-20,11.5155,8.1349,,
2007-10-21,11.518,8.1381,,
2007-10-22,11.5205,8.1402,,
2007-10-23,11.523,8.1434,,
2007-10-24,11.5255,8.1465,,
2007-10-25,11.5281,8.1496,,
2007-10-26,11.5304,8.1509,,
2007-10-27,11.5327,8.1522,,
2007-10-28,11.5349,8.1515,,
2007-10-29,11.5376,8.1566,,
2007-10-30,11.54,8.1588,,
2007-10-31,11.5424,8.161,,
2007-11-01,11.5449,8.1631,,
2007-11-02,11.5474,8.1663,,
2007-11-03,11.5497,8.1676,,
2007-11-04,11.552,8.1668,,
2007-11-05,11.5542,8.1672,,
2007-11-06,11.5565,8.1695,,
2007-11-07,11.5587,8.1688,,
2007-11-08,11.5613,8.1719,,
2007-11-09,11.5638,8.175,,
2007-11-10,11.5663,8.1782,,
2007-11-11,11.5687,8.1794,,
2007-11-12,11.5712,8.1825,,
2007-11-13,11.574,8.1884,,
2007-11-14,11.5766,8.1915,,
2007-11-15,11.5792,8.1946,,
2007-11-16,11.5817,8.1967,,
2007-11-17,11.5843,8.2008,,
2007-11-18,11.5869,8.2038,,
2007-11-19,11.5895,8.2069,,
2007-11-20,11.5919,8.2091,,
2007-11-21,11.5946,8.2131,,
2007-11-22,11.5971,8.2152,,
2007-11-23,11.5995,8.17,,
2007-11-24,11.5995,8.17,,
2007-11-25,11.5995,8.17,,
2007-11-26,11.6068,8.2169,,
2007-11-27,11.6093,8.219,,
2007-11-28,11.6119,8.223,,
2007-11-29,11.6144,8.2242,,
2007-11-30,11.6169,8.2263,,
2007-12-01,11.6195,8.2223,,
2007-12-02,11.622,8.2254,,
2007-12-03,11.6246,8.2284,,
2007-12-04,11.627,8.2306,,
2007-12-05,11.6295,8.2327,,
2007-12-06,11.632,8.2349,,
2007-12-07,11.6346,8.2379,,
2007-12-08,11.6371,8.239,,
2007-12-09,11.6397,8.2431,,
2007-12-10,11.6422,8.2462,,
2007-12-11,11.6448,8.2512,,
2007-12-12,11.6473,8.2533,,
2007-12-13,11.6499,8.2554,,
2007-12-14,11.6526,8.2603,,
2007-12-15,11.6552,8.2624,,
2007-12-16,11.6578,8.2644,,
2007-12-17,11.6603,8.2655,,
2007-12-18,11.6629,8.2675,,
2007-12-19,11.6655,8.2705,,
2007-12-20,11.6681,8.2515,,
2007-12-21,11.6681,8.2515,,
2007-12-22,11.6733,8.2776,,
2007-12-23,11.6759,8.2786,,
2007-12-24,11.6785,8.2576,,
2007-12-25,11.6785,8.2576,,
2007-12-26,11.6837,8.2827,,
2007-12-27,11.6872,8.291,,
2007-12-28,11.6909,8.3052,,
2007-12-29,11.6935,8.3032,,
2007-12-30,11.6961,8.3022,,
2007-12-31,11.6987,8.3002,,
2008-01-01,11.7013,8.2992,,
2008-01-02,11.7038,8.2983,,
2008-01-03,11.7063,8.2994,,
2008-01-04,11.7087,8.2996,,
2008-01-05,11.7113,8.3016,,
2008-01-06,11.7139,8.3036,,
2008-01-07,11.7164,8.3047,,
2008-01-08,11.7189,8.3048,,
2008-01-09,11.7214,8.3058,,
2008-01-10,11.724,8.3069,,
2008-01-11,11.7266,8.3079,,
2008-01-12,11.7293,8.3098,,
2008-01-13,11.7319,8.3108,,
2008-01-14,11.7344,8.3109,,
2008-01-15,11.7371,8.3128,,
2008-01-16,11.7397,8.3148,,
2008-01-17,11.7423,8.3188,,
2008-01-18,11.7449,8.3198,,
2008-01-19,11.7476,8.3227,,
2008-01-20,11.7502,8.3237,,
2008-01-21,11.7531,8.3275,,
2008-01-22,11.7559,8.3303,,
2008-01-23,11.7588,8.3361,,
2008-01-24,11.7616,8.3389,,
2008-01-25,11.7644,8.3428,,
2008-01-26,11.7673,8.3695,,
2008-01-27,11.7701,8.3494,,
2008-01-28,11.7729,8.3522,,
2008-01-29,11.7758,8.356,,
2008-01-30,11.7786,8.3817,,
2008-01-31,11.7815,8.3635,,
2008-02-01,11.7843,8.3893,,
2008-02-02,11.7872,8.3701,,
2008-02-03,11.79,8.3729,,
2008-02-04,11.7927,8.3748,,
2008-02-05,11.7955,8.3767,,
2008-02-06,11.7982,8.3796,,
2008-02-07,11.8008,8.3806,,
2008-02-08,11.8034,8.3825,,
2008-02-09,11.8059,8.3836,,
2008-02-10,11.8085,8.3846,,
2008-02-11,11.8111,8.3866,,
2008-02-12,11.8137,8.3885,,
2008-02-13,11.8163,8.3905,,
2008-02-14,11.8189,8.3925,,
2008-02-15,11.8215,8.3925,,
2008-02-16,11.8243,8.3943,,
2008-02-17,11.827,8.3942,,
2008-02-18,11.8297,8.3951,,
2008-02-19,11.8321,8.3933,,
2008-02-20,11.8341,8.3887,,
2008-02-21,11.8368,8.3896,,
2008-02-22,11.8396,8.3944,,
2008-02-23,11.8425,8.4002,,
2008-02-24,11.8454,8.4049,,
2008-02-25,11.8482,8.4087,,
2008-02-26,11.851,8.4125,,
2008-02-27,11.8537,8.4163,,
2008-02-28,11.8564,8.4202,,
2008-02-29,11.859,8.4222,,
2008-03-01,11.8616,8.4241,,
2008-03-02,11.8643,8.427,,
2008-03-03,11.8669,8.429,,
2008-03-04,11.8695,8.4319,,
2008-03-05,11.872,8.4112,,
2008-03-06,11.872,8.4112,,
2008-03-07,11.8769,8.4341,,
2008-03-08,11.8795,8.4351,,
2008-03-09,11.882,8.4362,,
2008-03-10,11.8845,8.4372,,
2008-03-11,11.887,8.4382,,
2008-03-12,11.8895,8.4393,,
2008-03-13,11.892,8.4393,,
2008-03-14,11.8947,8.4402,,
2008-03-15,11.8974,8.4372,,
2008-03-16,11.9002,8.433,,
2008-03-17,11.903,8.4299,,
2008-03-18,11.9058,8.4258,,
2008-03-19,11.9086,8.4147,,
2008-03-20,11.9114,8.3889,,
2008-03-21,11.9141,8.3691,,
2008-03-22,11.9169,8.367,,
2008-03-23,11.9197,8.358,,
2008-03-24,11.9225,8.3499,,
2008-03-25,11.9253,8.3409,,
2008-03-26,11.928,8.3654,,
2008-03-27,11.9308,8.3112,,
2008-03-28,11.9335,8.3062,,
2008-03-29,11.9362,8.2717,,
2008-03-30,11.9389,8.2962,,
2008-03-31,11.9416,8.3207,,
2008-04-01,11.945,8.1749,,
2008-04-02,11.9477,8.1671,,
2008-04-03,11.9503,8.1612,,
2008-04-04,11.953,8.1582,,
2008-04-05,11.9556,8.1818,,
2008-04-06,11.9582,8.2053,,
2008-04-07,11.961,8.2306,,
2008-04-08,11.9635,8.1485,,
2008-04-09,11.9661,8.1486,,
2008-04-10,11.9685,8.1478,,
2008-04-11,11.971,8.1499,,
2008-04-12,11.9736,8.1499,,
2008-04-13,11.9763,8.1743,,
2008-04-14,11.9789,8.1978,,
2008-04-15,11.9813,8.1481,,
2008-04-16,11.9838,8.1395,,
2008-04-17,11.9863,8.1035,,
2008-04-18,11.9863,8.1035,,
2008-04-19,11.9914,8.1212,,
2008-04-20,11.994,8.1164,,
2008-04-21,11.9966,8.1116,,
2008-04-22,11.9992,8.1067,,
2008-04-23,12.0018,8.1029,,
2008-04-24,12.0044,8.1,,
2008-04-25,12.0071,8.0981,,
2008-04-26,12.0097,8.0894,,
2008-04-27,12.0124,8.0874,,
2008-04-28,12.015,8.0845,,
2008-04-29,12.0178,8.0825,,
2008-04-30,12.0204,8.1059,,
2008-05-01,12.0204,8.1059,,
2008-05-02,12.0258,8.0728,,
2008-05-03,12.0286,8.0737,,
2008-05-04,12.0313,8.0717,,
2008-05-05,12.0341,8.0716,,
2008-05-06,12.0369,8.0715,,
2008-05-07,12.0397,8.0715,,
2008-05-08,12.0424,8.0724,,
2008-05-09,12.0452,8.0733,,
2008-05-10,12.048,8.0713,,
2008-05-11,12.0509,8.0711,,
2008-05-12,12.0538,8.0709,,
2008-05-13,12.0565,8.068,,
2008-05-14,12.0592,8.0651,,
2008-05-15,12.062,8.0631,,
2008-05-16,12.0648,8.061,,
2008-05-17,12.0675,8.0601,,
2008-05-18,12.0702,8.0581,,
2008-05-19,12.073,8.0571,,
2008-05-20,12.0758,8.056,,
2008-05-21,12.0787,8.0559,,
2008-05-22,12.0813,8.053,,
2008-05-23,12.0841,8.052,,
2008-05-24,12.0869,8.05,,
2008-05-25,12.0897,8.075,,
2008-05-26,12.0925,8.0469,,
2008-05-27,12.0953,8.0458,,
2008-05-28,12.0981,8.0477,,
2008-05-29,12.1009,8.0495,,
2008-05-30,12.1037,8.0533,,
2008-05-31,12.1065,8.0581,,
2008-06-01,12.1093,8.0618,,
2008-06-02,12.1121,8.0666,,
2008-06-03,12.1147,8.0695,,
2008-06-04,12.1174,8.0743,,
2008-06-05,12.1202,8.0781,,
2008-06-06,12.1229,8.0819,,
2008-06-07,12.1257,8.0876,,
2008-06-08,12.1285,8.0923,,
2008-06-09,12.1313,8.098,,
2008-06-10,12.1341,8.1037,,
2008-06-11,12.1369,8.1084,,
2008-06-12,12.1398,8.1131,,
2008-06-13,12.1424,8.115,,
2008-06-14,12.1453,8.1187,,
2008-06-15,12.1482,8.1234,,
2008-06-16,12.1511,8.127,,
2008-06-17,12.154,8.1317,,
2008-06-18,12.1569,8.1353,,
2008-06-19,12.1598,8.1419,,
2008-06-20,12.1627,8.1436,,
2008-06-21,12.1656,8.1473,,
2008-06-22,12.1686,8.15,,
2008-06-23,12.1715,8.1536,,
2008-06-24,12.1744,8.1573,,
2008-06-25,12.1774,8.158,,
2008-06-26,12.1804,8.1597,,
2008-06-27,12.1834,8.1613,,
2008-06-28,12.1863,8.1611,,
2008-06-29,12.1893,8.1647,,
2008-06-30,12.1924,8.1692,,
2008-07-01,12.1956,8.1707,,
2008-07-02,12.1984,8.1773,,
2008-07-03,12.2007,8.1709,,
2008-07-04,12.2031,8.171,,
2008-07-05,12.2058,8.1787,,
2008-07-06,12.2085,8.1834,,
2008-07-07,12.2115,8.1908,,
2008-07-08,12.2145,8.1982,,
2008-07-09,12.2175,8.2057,,
2008-07-10,12.2204,8.2131,,
2008-07-11,12.2235,8.2224,,
2008-07-12,12.2266,8.2364,,
2008-07-13,12.2297,8.2495,,
2008-07-14,12.2328,8.2635,,
2008-07-15,12.2359,8.2756,,
2008-07-16,12.239,8.2791,,
2008-07-17,12.2421,8.2883,,
2008-07-18,12.2452,8.2994,,
2008-07-19,12.2484,8.3124,,
2008-07-20,12.2516,8.3254,,
2008-07-21,12.2548,8.3374,,
2008-07-22,12.258,8.3436,,
2008-07-23,12.2612,8.3547,,
2008-07-24,12.2643,8.3639,,
2008-07-25,12.2674,8.3731,,
2008-07-26,12.2705,8.3823,,
2008-07-27,12.2736,8.3924,,
2008-07-28,12.2766,8.4017,,
2008-07-29,12.2796,8.41,,
2008-07-30,12.2826,8.4193,,
2008-07-31,12.2855,8.4267,,
2008-08-01,12.2881,8.4314,,
2008-08-02,12.2911,8.4397,,
2008-08-03,12.2942,8.4479,,
2008-08-04,12.2972,8.4543,,
2008-08-05,12.3003,8.4606,,
2008-08-06,12.3034,8.4659,,
2008-08-07,12.3065,8.4722,,
2008-08-08,12.3096,8.4785,,
2008-08-09,12.3126,8.4801,,
2008-08-10,12.3157,8.4864,,
2008-08-11,12.3188,8.4917,,
2008-08-12,12.3219,8.497,,
2008-08-13,12.325,8.4995,,
2008-08-14,12.3281,8.5058,,
2008-08-15,12.3312,8.5111,,
2008-08-16,12.3344,8.5173,,
2008-08-17,12.3375,8.5216,,
2008-08-18,12.3406,8.527,,
2008-08-19,12.3437,8.5323,,
2008-08-20,12.3468,8.5347,,
2008-08-21,12.3497,8.5373,,
2008-08-22,12.3527,8.5408,,
2008-08-23,12.3556,8.5424,,
2008-08-24,12.3586,8.544,,
2008-08-25,12.3615,8.5485,,
2008-08-26,12.3644,8.5501,,
2008-08-27,12.3673,8.5546,,
2008-08-28,12.3702,8.5591,,
2008-08-29,12.373,8.5627,,
2008-08-30,12.3759,8.5672,,
2008-08-31,12.3787,8.5708,,
2008-09-01,12.3816,8.5753,,
2008-09-02,12.3846,8.5806,,
2008-09-03,12.3875,8.5851,,
2008-09-04,12.3904,8.5896,,
2008-09-05,12.3933,8.5941,,
2008-09-06,12.3962,8.5986,,
2008-09-07,12.3991,8.604,,
2008-09-08,12.4022,8.6102,,
2008-09-09,12.4053,8.6145,,
2008-09-10,12.4084,8.6208,,
2008-09-11,12.4115,8.627,,
2008-09-12,12.4146,8.6332,,
2008-09-13,12.4176,8.6376,,
2008-09-14,12.4206,8.6638,,
2008-09-15,12.4238,8.6918,,
2008-09-16,12.4269,8.6524,,
2008-09-17,12.4301,8.6585,,
2008-09-18,12.4332,8.6638,,
2008-09-19,12.4364,8.6699,,
2008-09-20,12.4396,8.6741,,
2008-09-21,12.4427,8.6784,,
2008-09-22,12.4459,8.6826,,
2008-09-23,12.4491,8.6878,,
2008-09-24,12.4522,8.693,,
2008-09-25,12.4554,8.7001,,
2008-09-26,12.4585,8.7053,,
2008-09-27,12.4616,8.7096,,
2008-09-28,12.4648,8.7148,,
2008-09-29,12.4684,8.7234,,
2008-09-30,12.4721,8.7301,,
2008-10-01,12.4755,8.7597,,
2008-10-02,12.479,8.7684,,
2008-10-03,12.483,8.7767,,
2008-10-04,12.4868,8.788,,
2008-10-05,12.4905,8.7994,,
2008-10-06,12.4942,8.8108,,
2008-10-07,12.4979,8.8222,,
2008-10-08,12.5014,8.8261,,
2008-10-09,12.505,8.8319,,
2008-10-10,12.5094,8.8465,,
2008-10-11,12.5136,8.8584,,
2008-10-12,12.5178,8.8741,,
2008-10-13,12.5215,8.8826,,
2008-10-14,12.5254,8.8928,,
2008-10-15,12.5291,8.9013,,
2008-10-16,12.533,8.9097,,
2008-10-17,12.537,8.9189,,
2008-10-18,12.5409,8.9282,,
2008-10-19,12.5448,8.9384,,
2008-10-20,12.5487,8.9486,,
2008-10-21,12.5526,8.9588,,
2008-10-22,12.5566,8.9699,,
2008-10-23,12.5606,8.981,,
2008-10-24,12.5645,8.9902,,
2008-10-25,12.5685,9.0032,,
2008-10-26,12.5725,9.0161,,
2008-10-27,12.5765,9.03,,
2008-10-28,12.5806,9.04,,
2008-10-29,12.5843,9.0494,,
2008-10-30,12.5879,9.0579,,
2008-10-31,12.5917,9.0672,,
2008-11-01,12.5954,9.0756,,
2008-11-02,12.5992,9.0868,,
2008-11-03,12.6028,9.0963,,
2008-11-04,12.6064,9.1066,,
2008-11-05,12.6101,9.1169,,
2008-11-06,12.6137,9.1273,,
2008-11-07,12.6173,9.1339,,
2008-11-08,12.6209,9.1415,,
2008-11-09,12.6245,9.149,,
2008-11-10,12.6282,9.1583,,
2008-11-11,12.6315,9.1633,,
2008-11-12,12.6348,9.1654,,
2008-11-13,12.6381,9.1694,,
2008-11-14,12.6414,9.1733,,
2008-11-15,12.6446,9.1774,,
2008-11-16,12.6479,9.1814,,
2008-11-17,12.6512,9.1854,,
2008-11-18,12.6546,9.1902,,
2008-11-19,12.6578,9.1952,,
2008-11-20,12.6611,9.1982,,
2008-11-21,12.6647,9.2057,,
2008-11-22,12.6683,9.2142,,
2008-11-23,12.6719,9.2452,,
2008-11-24,12.6753,9.2745,,
2008-11-25,12.6789,9.2368,,
2008-11-26,12.6821,9.2409,,
2008-11-27,12.6853,9.244,,
2008-11-28,12.6885,9.248,,
2008-11-29,12.6917,9.252,,
2008-11-30,12.6949,9.2551,,
2008-12-01,12.698,9.2583,,
2008-12-02,12.701,9.2597,,
2008-12-03,12.7041,9.2638,,
2008-12-04,12.7072,9.267,,
2008-12-05,12.7102,9.2693,,
2008-12-06,12.7133,9.2715,,
2008-12-07,12.7163,9.2738,,
2008-12-08,12.7193,9.2752,,
2008-12-09,12.7223,9.2775,,
2008-12-10,12.7253,9.2788,,
2008-12-11,12.7283,9.2811,,
2008-12-12,12.7312,9.2816,,
2008-12-13,12.7342,9.282,,
2008-12-14,12.7371,9.2826,,
2008-12-15,12.7398,9.2813,,
2008-12-16,12.7426,9.2819,,
2008-12-17,12.7452,9.2799,,
2008-12-18,12.7478,9.2778,,
2008-12-19,12.7504,9.2757,,
2008-12-20,12.753,9.298,,
2008-12-21,12.7556,9.2716,,
2008-12-22,12.7589,9.2755,,
2008-12-23,12.7621,9.2786,,
2008-12-24,12.7653,9.306,,
2008-12-25,12.7678,9.2787,,
2008-12-26,12.7711,9.2742,,
2008-12-27,12.7743,9.267,,
2008-12-28,12.7776,9.271,,
2008-12-29,12.7806,9.2723,,
2008-12-30,12.792,9.3455,,
2008-12-31,12.7951,9.3477,,
2009-01-01,12.7986,9.3542,,
2009-01-02,12.802,9.3599,,
2009-01-03,12.8054,9.3665,,
2009-01-04,12.8089,9.3721,,
2009-01-05,12.8121,9.3752,,
2009-01-06,12.8154,9.38,,
2009-01-07,12.8189,9.3865,,
2009-01-08,12.8223,9.3922,,
2009-01-09,12.8258,9.3978,,
2009-01-10,12.8292,9.4026,,
2009-01-11,12.8327,9.4072,,
2009-01-12,12.8361,9.4119,,
2009-01-13,12.8394,9.4168,,
2009-01-14,12.8426,9.4189,,
2009-01-15,12.8457,9.421,,
2009-01-16,12.8487,9.4223,,
2009-01-17,12.8518,9.4245,,
2009-01-18,12.8548,9.4249,,
2009-01-19,12.858,9.4279,,
2009-01-20,12.8613,9.429,,
2009-01-21,12.8647,9.4319,,
2009-01-22,12.8679,9.4321,,
2009-01-23,12.8712,9.4341,,
2009-01-24,12.8745,9.4361,,
2009-01-25,12.8778,9.4372,,
2009-01-26,12.8811,9.4392,,
2009-01-27,12.8842,9.4395,,
2009-01-28,12.8875,9.4405,,
2009-01-29,12.8906,9.4409,,
2009-01-30,12.8937,9.4402,,
2009-01-31,12.8968,9.4405,,
2009-02-01,12.8999,9.4399,,
2009-02-02,12.9031,9.4411,,
2009-02-03,12.9062,9.4423,,
2009-02-04,12.9094,9.4434,,
2009-02-05,12.9125,9.4447,,
2009-02-06,12.9156,9.4468,,
2009-02-07,12.9187,9.449,,
2009-02-08,12.9218,9.4521,,
2009-02-09,12.9248,9.4534,,
2009-02-10,12.9277,9.4538,,
2009-02-11,12.9307,9.4551,,
2009-02-12,12.9337,9.4564,,
2009-02-13,12.9366,9.4569,,
2009-02-14,12.9396,9.4582,,
2009-02-15,12.9425,9.4568,,
2009-02-16,12.9453,9.4555,,
2009-02-17,12.9482,9.455,,
2009-02-18,12.951,9.4565,,
2009-02-19,12.9544,9.4667,,
2009-02-20,12.9569,9.4629,,
2009-02-21,12.9599,9.4623,,
2009-02-22,12.9623,9.4558,,
2009-02-23,12.9647,9.4492,,
2009-02-24,12.9675,9.447,,
2009-02-25,12.9701,9.4431,,
2009-02-26,12.9728,9.4409,,
2009-02-27,12.9755,9.4388,,
2009-02-28,12.9782,9.4376,,
2009-03-01,12.9809,9.4363,,
2009-03-02,12.9836,9.4342,,
2009-03-03,12.986,9.4304,,
2009-03-04,12.9885,9.4275,,
2009-03-05,12.9909,9.4247,,
2009-03-06,12.9933,9.4449,,
2009-03-07,12.9957,9.42,,
2009-03-08,12.998,9.4154,,
2009-03-09,13.0005,9.4134,,
2009-03-10,13.0028,9.4097,,
2009-03-11,13.0052,9.4069,,
2009-03-12,13.0076,9.4041,,
2009-03-13,13.01,9.4013,,
2009-03-14,13.0123,9.3958,,
2009-03-15,13.0147,9.3911,,
2009-03-16,13.017,9.3847,,
2009-03-17,13.0194,9.3791,,
2009-03-18,13.0218,9.3736,,
2009-03-19,13.0239,9.3655,,
2009-03-20,13.027,9.3658,,
2009-03-21,13.0291,9.3587,,
2009-03-22,13.0312,9.3506,,
2009-03-23,13.0335,9.3442,,
2009-03-24,13.0359,9.3386,,
2009-03-25,13.0383,9.3331,,
2009-03-26,13.0409,9.3301,,
2009-03-27,13.0434,9.3254,,
2009-03-28,13.046,9.3225,,
2009-03-29,13.0485,9.3187,,
2009-03-30,13.051,9.3149,,
2009-03-31,13.0537,9.3128,27.2613,
2009-04-01,13.0561,9.3018,27.2574,
2009-04-02,13.0586,9.298,27.257,
2009-04-03,13.061,9.2943,27.2543,
2009-04-04,13.0634,9.2897,27.2529,
2009-04-05,13.0658,9.286,27.2763,
2009-04-06,13.0678,9.279,27.2474,
2009-04-07,13.0698,9.2701,27.2421,
2009-04-08,13.0721,9.2665,27.2397,
2009-04-09,13.0741,9.2595,27.2357,
2009-04-10,13.076,9.2535,27.2541,
2009-04-11,13.0779,9.2465,27.2256,
2009-04-12,13.0799,9.2395,27.2203,
2009-04-13,13.0819,9.2316,27.2397,
2009-04-14,13.0839,9.2246,27.2097,
2009-04-15,13.0859,9.2194,27.2044,
2009-04-16,13.0881,9.2149,27.1998,
2009-04-17,13.0901,9.2088,27.1946,
2009-04-18,13.0921,9.2255,27.1893,
2009-04-19,13.0941,9.1958,27.1852,
2009-04-20,13.0962,9.1896,27.1809,
2009-04-21,13.0983,9.1834,27.1754,
2009-04-22,13.1005,9.1781,27.172,
2009-04-23,13.1026,9.172,27.1677,
2009-04-24,13.1048,9.1666,27.1533,
2009-04-25,13.1069,9.1596,27.149,
2009-04-26,13.1091,9.1543,27.1444,
2009-04-27,13.1113,9.148,27.1399,
2009-04-28,13.1136,9.1436,27.1375,
2009-04-29,13.1161,9.1389,27.1359,
2009-04-30,13.1185,9.1353,27.1345,
2009-05-01,13.1209,9.1553,27.1319,
2009-05-02,13.1234,9.127,27.1315,
2009-05-03,13.1258,9.1216,27.1301,
2009-05-04,13.128,9.1154,27.1268,
2009-05-05,13.1302,9.1083,27.1247,
2009-05-06,13.1319,9.097,27.1165,
2009-05-07,13.134,9.0891,27.1147,
2009-05-08,13.136,9.0812,27.1107,
2009-05-09,13.1379,9.0717,27.1057,
2009-05-10,13.1399,9.0629,27.1029,
2009-05-11,13.1419,9.0533,27.1001,
2009-05-12,13.1439,9.0436,27.1195,
2009-05-13,13.146,9.0366,27.1398,
2009-05-14,13.148,9.0288,27.0903,
2009-05-15,13.1501,9.0209,27.0873,
2009-05-16,13.1522,9.013,27.0842,
2009-05-17,13.1542,9.0052,27.0814,
2009-05-18,13.1561,8.9965,27.0765,
2009-05-19,13.158,8.987,27.0727,
2009-05-20,13.1599,8.9775,27.069,
2009-05-21,13.1617,8.9662,27.0631,
2009-05-22,13.1636,8.9585,27.0581,
2009-05-23,13.1655,8.9489,27.0531,
2009-05-24,13.1673,8.9386,27.0472,
2009-05-25,13.1692,8.9291,27.0435,
2009-05-26,13.171,8.9188,27.0376,
2009-05-27,13.1729,8.9092,27.0326,
2009-05-28,13.1748,8.8997,27.0277,
2009-05-29,13.1766,8.8894,27.0217,
2009-05-30,13.1783,8.8783,27.0136,
2009-05-31,13.18,8.8671,27.0068,
2009-06-01,13.1819,8.8577,27.0018,
2009-06-02,13.1839,8.849,26.9978,
2009-06-03,13.186,8.843,27.0181,
2009-06-04,13.1881,8.8361,26.9906,
2009-06-05,13.1902,8.8282,26.9888,
2009-06-06,13.1923,8.8213,26.9858,
2009-06-07,13.1943,8.8127,26.9818,
2009-06-08,13.1964,8.8049,26.9788,
2009-06-09,13.1985,8.7971,26.9758,
2009-06-10,13.2006,8.7893,26.9728,
2009-06-11,13.2027,8.7815,26.9686,
2009-06-12,13.2046,8.7711,26.9649,
2009-06-13,13.2065,8.7635,26.9612,
2009-06-14,13.2084,8.7532,26.9562,
2009-06-15,13.2103,8.7429,26.9525,
2009-06-16,13.2122,8.7325,26.9708,
2009-06-17,13.2142,8.7231,26.99,
2009-06-18,13.216,8.7119,26.939,
2009-06-19,13.2177,8.7,26.9334,
2009-06-20,13.2195,8.6889,26.9287,
2009-06-21,13.2212,8.6769,26.9219,
2009-06-22,13.2231,8.6657,26.9182,
2009-06-23,13.225,8.6555,26.9133,
2009-06-24,13.227,8.646,26.9106,
2009-06-25,13.229,8.6357,26.9066,
2009-06-26,13.2309,8.6245,26.9029,
2009-06-27,13.2329,8.6142,26.899,
2009-06-28,13.2348,8.6039,26.8941,
2009-06-29,13.2368,8.5936,26.8889,
2009-06-30,13.2388,8.5824,26.885,
2009-07-01,13.2408,8.5703,26.8811,
2009-07-02,13.2426,8.5601,26.8752,
2009-07-03,13.2444,8.5544,26.8706,
2009-07-04,13.2462,8.5478,26.8647,
2009-07-05,13.248,8.5386,26.8601,
2009-07-06,13.2493,8.5252,26.8507,
2009-07-07,13.2507,8.51,26.8422,
2009-07-08,13.2522,8.4956,26.8347,
2009-07-09,13.2538,8.4821,26.8282,
2009-07-10,13.2553,8.4686,26.8207,
2009-07-11,13.2569,8.4542,26.8142,
2009-07-12,13.2584,8.439,26.8055,
2009-07-13,13.26,8.4246,26.7953,
2009-07-14,13.2616,8.4102,26.7888,
2009-07-15,13.2632,8.3958,26.7811,
2009-07-16,13.2648,8.3814,26.7733,
2009-07-17,13.2666,8.3687,26.7687,
2009-07-18,13.2685,8.3567,26.7639,
2009-07-19,13.2703,8.3431,26.7593,
2009-07-20,13.2721,8.3295,26.7498,
2009-07-21,13.2739,8.3159,26.7452,
2009-07-22,13.2757,8.3023,26.7394,
2009-07-23,13.2775,8.2887,26.7348,
2009-07-24,13.2793,8.2761,26.7302,
2009-07-25,13.2811,8.2634,26.7244,
2009-07-26,13.2829,8.2507,26.7186,
2009-07-27,13.2847,8.238,26.714,
2009-07-28,13.2865,8.2262,26.7082,
2009-07-29,13.2883,8.2144,26.7037,
2009-07-30,13.2901,8.2027,26.6894,
2009-07-31,13.292,8.1926,26.6846,
2009-08-01,13.2938,8.1843,26.6788,
2009-08-02,13.2956,8.1726,26.673,
2009-08-03,13.2974,8.1599,26.6684,
2009-08-04,13.2992,8.1482,26.6627,
2009-08-05,13.301,8.1356,26.6581,
2009-08-06,13.3028,8.123,26.6523,
2009-08-07,13.3047,8.1112,26.6487,
2009-08-08,13.3064,8.0977,26.642,
2009-08-09,13.3081,8.0852,26.6353,
2009-08-10,13.3099,8.0726,26.6295,
2009-08-11,13.3117,8.06,26.6249,
2009-08-12,13.3135,8.0475,26.6192,
2009-08-13,13.3152,8.0341,26.6113,
2009-08-14,13.317,8.0215,26.6284,
2009-08-15,13.3188,8.009,26.601,
2009-08-16,13.3206,7.9955,26.5952,
2009-08-17,13.3224,7.983,26.5882,
2009-08-18,13.3242,7.9704,26.5825,
2009-08-19,13.326,7.9579,26.5767,
2009-08-20,13.3278,7.9454,26.571,
2009-08-21,13.3297,7.9354,26.565,
2009-08-22,13.3315,7.9238,26.5581,
2009-08-23,13.3333,7.913,26.5487,
2009-08-24,13.3351,7.9014,26.543,
2009-08-25,13.3368,7.8898,26.5363,
2009-08-26,13.3386,7.8791,26.5306,
2009-08-27,13.3402,7.8667,26.5229,
2009-08-28,13.3419,7.8552,26.5151,
2009-08-29,13.3436,7.8445,26.5084,
2009-08-30,13.3452,7.8322,26.5008,
2009-08-31,13.347,7.8223,26.4951,
2009-09-01,13.3487,7.8108,26.4884,
2009-09-02,13.3504,7.7984,26.4817,
2009-09-03,13.3521,7.7869,26.4739,
2009-09-04,13.3539,7.7762,26.467,
2009-09-05,13.3556,7.7647,26.4603,
2009-09-06,13.3573,7.7532,26.4537,
2009-09-07,13.359,7.7417,26.4446,
2009-09-08,13.3607,7.7285,26.438,
2009-09-09,13.3625,7.7161,26.4311,
2009-09-10,13.3642,7.7028,26.4244,
2009-09-11,13.3659,7.6896,26.4178,
2009-09-12,13.3676,7.6764,26.41,
2009-09-13,13.3693,7.6641,26.4021,
2009-09-14,13.371,7.6518,26.3943,
2009-09-15,13.3728,7.6386,26.3874,
2009-09-16,13.3745,7.6254,26.3796,
2009-09-17,13.3762,7.6114,26.3718,
2009-09-18,13.3779,7.5982,26.364,
2009-09-19,13.3796,7.5842,26.3561,
2009-09-20,13.3813,7.5702,26.3483,
2009-09-21,13.3831,7.5578,26.3415,
2009-09-22,13.3847,7.543,26.3315,
2009-09-23,13.386,7.5258,26.3212,
2009-09-24,13.3872,7.5087,26.3086,
2009-09-25,13.3886,7.4923,26.298,
2009-09-26,13.3901,7.4776,26.2895,
2009-09-27,13.3915,7.4621,26.2777,
2009-09-28,13.3929,7.4458,26.2683,
2009-09-29,13.3945,7.4276,26.2596,
2009-09-30,13.3961,7.4085,26.2509,
2009-10-01,13.3977,7.3921,26.2421,
2009-10-02,13.3993,7.3748,26.2334,
2009-10-03,13.4009,7.3532,26.2247,
2009-10-04,13.4025,7.3333,26.216,
2009-10-05,13.404,7.3136,26.2064,
2009-10-06,13.4056,7.2946,26.2214,
2009-10-07,13.4071,7.2748,26.1892,
2009-10-08,13.4086,7.2568,26.1784,
2009-10-09,13.4099,7.2363,26.1669,
2009-10-10,13.4112,7.209,26.1542,
2009-10-11,13.4126,7.1842,26.1436,
2009-10-12,13.4141,7.1602,26.1352,
2009-10-13,13.4156,7.1405,26.1256,
2009-10-14,13.4171,7.1191,26.116,
2009-10-15,13.4187,7.1003,26.1085,
2009-10-16,13.4202,7.0789,26.0989,
2009-10-17,13.4218,7.0575,26.0902,
2009-10-18,13.4234,7.037,26.0816,
2009-10-19,13.425,7.0165,26.0658,
2009-10-20,13.4265,6.9951,26.0562,
2009-10-21,13.428,6.9739,26.0455,
2009-10-22,13.4295,6.9517,26.0359,
2009-10-23,13.431,6.9296,26.0263,
2009-10-24,13.4324,6.9076,26.0146,
2009-10-25,13.4339,6.8855,26.005,
2009-10-26,13.4354,6.8634,25.9955,
2009-10-27,13.4369,6.8413,25.9847,
2009-10-28,13.4385,6.8192,25.9761,
2009-10-29,13.44,6.7997,25.9665,
2009-10-30,13.4416,6.7819,25.9579,
2009-10-31,13.4432,6.7624,25.9481,
2009-11-01,13.4449,6.7445,25.9405,
2009-11-02,13.4465,6.725,25.9319,
2009-11-03,13.4481,6.7072,25.9209,
2009-11-04,13.4497,6.6895,25.9123,
2009-11-05,13.4512,6.6701,25.9039,
2009-11-06,13.4527,6.6515,25.8932,
2009-11-07,13.4542,6.633,25.8825,
2009-11-08,13.4557,6.6144,25.873,
2009-11-09,13.4572,6.5959,25.8635,
2009-11-10,13.4588,6.5773,25.8537,
2009-11-11,13.4604,6.5622,25.8452,
2009-11-12,13.462,6.547,25.8366,
2009-11-13,13.4635,6.531,25.8259,
2009-11-14,13.465,6.5151,25.8153,
2009-11-15,13.4665,6.5,25.8046,
2009-11-16,13.4677,6.4817,25.7923,
2009-11-17,13.4692,6.4658,25.7816,
2009-11-18,13.4707,6.449,25.771,
2009-11-19,13.4722,6.434,25.7615,
2009-11-20,13.4737,6.4181,25.7508,
2009-11-21,13.4752,6.3997,25.7402,
2009-11-22,13.4767,6.3813,25.7307,
2009-11-23,13.4782,6.3629,25.7131,
2009-11-24,13.4797,6.3462,25.7036,
2009-11-25,13.4812,6.3278,25.693,
2009-11-26,13.4827,6.3128,25.6824,
2009-11-27,13.4842,6.2978,25.6729,
2009-11-28,13.4856,6.2821,25.6602,
2009-11-29,13.4871,6.2671,25.6496,
2009-11-30,13.4886,6.2521,25.6308,
2009-12-01,13.49,6.2372,25.6204,
2009-12-02,13.4915,6.2239,25.6098,
2009-12-03,13.4929,6.209,25.5995,
2009-12-04,13.4943,6.1941,25.588,
2009-12-05,13.4957,6.1801,25.5764,
2009-12-06,13.497,6.1644,25.564,
2009-12-07,13.4985,6.1512,25.5523,
2009-12-08,13.5,6.1379,25.5429,
2009-12-09,13.5015,6.1247,25.5335,
2009-12-10,13.5029,6.1107,25.5243,
2009-12-11,13.5044,6.0974,25.5137,
2009-12-12,13.5058,6.0843,25.5011,
2009-12-13,13.5073,6.0711,25.4917,
2009-12-14,13.5088,6.0587,25.48,
2009-12-15,13.5102,6.0472,25.4674,
2009-12-16,13.5116,6.0349,25.4547,
2009-12-17,13.513,6.0242,25.4421,
2009-12-18,13.5145,6.0144,25.4316,
2009-12-19,13.516,6.0045,25.4211,
2009-12-20,13.5175,5.9947,25.4094,
2009-12-21,13.5189,5.984,25.3968,
2009-12-22,13.5203,5.9676,25.383,
2009-12-23,13.5218,5.9528,25.3702,
2009-12-24,13.5234,5.9388,25.3594,
2009-12-25,13.525,5.9305,25.3475,
2009-12-26,13.5266,5.9157,25.3345,
2009-12-27,13.5282,5.9017,25.3261,
2009-12-28,13.5298,5.8869,25.3107,
2009-12-29,13.5313,5.8737,25.2956,
2009-12-30,13.5329,5.7919,25.2803,
2009-12-31,13.5345,5.7788,25.2661,
2010-01-01,13.536,5.7616,25.2522,
2010-01-02,13.5376,5.746,25.2415,
2010-01-03,13.5392,5.7304,25.2308,
2010-01-04,13.5407,5.7132,25.2192,
2010-01-05,13.5422,5.6985,25.2076,
2010-01-06,13.5438,5.6838,25.1969,
2010-01-07,13.5454,5.6674,25.1851,
2010-01-08,13.547,5.6519,25.1744,
2010-01-09,13.5485,5.6347,25.1617,
2010-01-10,13.5501,5.6192,25.1499,
2010-01-11,13.5517,5.6029,25.1381,
2010-01-12,13.5533,5.5874,25.1262,
2010-01-13,13.5549,5.5727,25.1145,
2010-01-14,13.5564,5.5581,25.1017,
2010-01-15,13.5579,5.5443,25.0902,
2010-01-16,13.5594,5.5313,25.0809,
2010-01-17,13.5608,5.5167,25.0673,
2010-01-18,13.5624,5.5046,25.0567,
2010-01-19,13.564,5.4907,25.0449,
2010-01-20,13.5656,5.4761,25.0332,
2010-01-21,13.5673,5.4615,25.0223,
2010-01-22,13.569,5.4484,25.0138,
2010-01-23,13.5707,5.4346,25.003,
2010-01-24,13.5724,5.4208,24.9933,
2010-01-25,13.5741,5.407,25.009,
2010-01-26,13.5758,5.3932,24.9717,
2010-01-27,13.5775,5.381,24.9609,
2010-01-28,13.5791,5.3664,24.9492,
2010-01-29,13.5807,5.3535,24.9639,
2010-01-30,13.5823,5.3406,24.9269,
2010-01-31,13.5838,5.3269,24.9407,
2010-02-01,13.5854,5.314,24.9025,
2010-02-02,13.587,5.3003,24.8908,
2010-02-03,13.5885,5.2866,24.8782,
2010-02-04,13.59,5.2721,24.8645,
2010-02-05,13.5916,5.2592,24.8539,
2010-02-06,13.5931,5.2456,24.8413,
2010-02-07,13.5947,5.2327,24.8308,
2010-02-08,13.5962,5.2191,24.8194,
2010-02-09,13.5977,5.2063,24.8068,
2010-02-10,13.5993,5.195,24.7963,
2010-02-11,13.6008,5.1822,24.7849,
2010-02-12,13.6023,5.1694,24.7734,
2010-02-13,13.6038,5.1575,24.762,
2010-02-14,13.6053,5.1447,24.7483,
2010-02-15,13.6069,5.1335,24.7355,
2010-02-16,13.6084,5.1223,24.7207,
2010-02-17,13.6099,5.1104,24.707,
2010-02-18,13.6114,5.0992,24.6933,
2010-02-19,13.6129,5.0832,24.6808,
2010-02-20,13.6145,5.0753,24.6681,
2010-02-21,13.616,5.0625,24.6578,
2010-02-22,13.6175,5.0547,24.6476,
2010-02-23,13.619,5.0468,24.6362,
2010-02-24,13.6206,5.0364,24.6258,
2010-02-25,13.6221,5.0269,24.6144,
2010-02-26,13.6232,5.0136,24.6005,
2010-02-27,13.6247,5.0033,24.5903,
2010-02-28,13.6262,4.993,24.579,
2010-03-01,13.6276,4.9819,24.5667,
2010-03-02,13.6292,4.9724,24.5563,
2010-03-03,13.6307,4.9646,24.545,
2010-03-04,13.6322,4.9559,24.5348,
2010-03-05,13.6337,4.9481,24.5235,
2010-03-06,13.6352,4.9402,24.5121,
2010-03-07,13.6368,4.9332,24.5017,
2010-03-08,13.6383,4.9261,24.4893,
2010-03-09,13.6398,4.9175,24.478,
2010-03-10,13.6414,4.9112,24.4676,
2010-03-11,13.643,4.9042,24.4572,
2010-03-12,13.6447,4.8979,24.4477,
2010-03-13,13.6464,4.8916,24.4371,
2010-03-14,13.6481,4.8861,24.4254,
2010-03-15,13.6498,4.8799,24.4092,
2010-03-16,13.6515,4.8744,24.3906,
2010-03-17,13.6532,4.8681,24.3733,
2010-03-18,13.6549,4.8618,24.3548,
2010-03-19,13.6566,4.858,24.3284,
2010-03-20,13.6583,4.8461,24.285,
2010-03-21,13.66,4.8422,24.2496,
2010-03-22,13.6618,4.8392,24.2343,
2010-03-23,13.6635,4.8337,24.2102,
2010-03-24,13.6652,4.8274,24.1873,
2010-03-25,13.6669,4.8212,24.1633,
2010-03-26,13.6687,4.8141,24.1796,
2010-03-27,13.6705,4.8078,24.1047,
2010-03-28,13.6723,4.8007,24.0872,
2010-03-29,13.6742,4.7952,24.0369,
2010-03-30,13.6761,4.7897,24.0541,
2010-03-31,13.678,4.7826,24.0714,
2010-04-01,13.6799,4.7778,23.8863,
2010-04-02,13.6817,4.7716,23.8656,
2010-04-03,13.6836,4.7669,23.8492,
2010-04-04,13.6855,4.7622,23.835,
2010-04-05,13.6873,4.7567,23.8513,
2010-04-06,13.689,4.7537,23.8667,
2010-04-07,13.6908,4.7514,23.8829,
2010-04-08,13.6925,4.746,23.7785,
2010-04-09,13.6942,4.743,23.767,
2010-04-10,13.6959,4.7407,23.7566,
2010-04-11,13.6976,4.7385,23.7485,
2010-04-12,13.6994,4.7363,23.738,
2010-04-13,13.7012,4.734,23.7542,
2010-04-14,13.703,4.7318,23.7705,
2010-04-15,13.7048,4.7295,23.7052,
2010-04-16,13.7066,4.7257,23.6857,
2010-04-17,13.7084,4.7234,23.6673,
2010-04-18,13.7102,4.7212,23.6512,
2010-04-19,13.712,4.7189,23.6351,
2010-04-20,13.7137,4.7151,23.6181,
2010-04-21,13.7155,4.7121,23.602,
2010-04-22,13.7172,4.7075,23.5851,
2010-04-23,13.719,4.7044,23.5701,
2010-04-24,13.7208,4.7006,23.5563,
2010-04-25,13.7225,4.6968,23.5415,
2010-04-26,13.7243,4.6929,23.521,
2010-04-27,13.7262,4.6898,23.5081,
2010-04-28,13.728,4.6852,23.4943,
2010-04-29,13.7299,4.6797,23.4803,
2010-04-30,13.7317,4.6743,23.4965,
2010-05-01,13.7335,4.6689,23.5127,
2010-05-02,13.7353,4.6627,23.4356,
2010-05-03,13.7371,4.6572,23.4241,
2010-05-04,13.7389,4.6534,23.4103,
2010-05-05,13.7408,4.6503,23.3986,
2010-05-06,13.7426,4.6505,23.3859,
2010-05-07,13.7444,4.6475,23.3733,
2010-05-08,13.7462,4.6452,23.3629,
2010-05-09,13.748,4.6438,23.3513,
2010-05-10,13.7498,4.6416,23.3365,
2010-05-11,13.7516,4.6394,23.3228,
2010-05-12,13.7534,4.6371,23.3091,
2010-05-13,13.7552,4.6341,23.2943,
2010-05-14,13.7571,4.6326,23.2803,
2010-05-15,13.7589,4.6296,23.2655,
2010-05-16,13.7607,4.6266,23.2508,
2010-05-17,13.7625,4.6244,23.2382,
2010-05-18,13.7643,4.623,23.2245,
2010-05-19,13.7661,4.6215,23.2108,
2010-05-20,13.7679,4.6201,23.1972,
2010-05-21,13.7698,4.6202,23.1844,
2010-05-22,13.7716,4.6188,23.1708,
2010-05-23,13.7735,4.6181,23.158,
2010-05-24,13.7753,4.6175,23.1433,
2010-05-25,13.7771,4.6161,23.1594,
2010-05-26,13.7791,4.617,23.1167,
2010-05-27,13.781,4.6163,23.104,
2010-05-28,13.7829,4.6156,23.0946,
2010-05-29,13.7848,4.6158,23.0852,
2010-05-30,13.7867,4.6167,23.078,
2010-05-31,13.7886,4.6176,23.0718,
2010-06-01,13.7909,4.62,23.0682,
2010-06-02,13.7932,4.6215,23.0657,
2010-06-03,13.7955,4.6223,23.0631,
2010-06-04,13.7976,4.6216,23.0599,
2010-06-05,13.7997,4.6209,23.0545,
2010-06-06,13.8018,4.6201,23.0502,
2010-06-07,13.8039,4.6202,23.047,
2010-06-08,13.806,4.6194,23.0426,
2010-06-09,13.808,4.6179,23.0385,
2010-06-10,13.8102,4.618,23.0362,
2010-06-11,13.8122,4.6165,23.031,
2010-06-12,13.8142,4.6166,23.0247,
2010-06-13,13.8162,4.6167,23.0184,
2010-06-14,13.8182,4.6168,23.011,
2010-06-15,13.8203,4.6176,23.0057,
2010-06-16,13.8225,4.6192,23.0001,
2010-06-17,13.8246,4.6193,22.9947,
2010-06-18,13.8266,4.6202,22.9873,
2010-06-19,13.8288,4.6233,22.985,
2010-06-20,13.8309,4.625,22.9763,
2010-06-21,13.833,4.6274,22.9698,
2010-06-22,13.835,4.6275,22.9603,
2010-06-23,13.837,4.6276,22.9529,
2010-06-24,13.839,4.6269,22.9456,
2010-06-25,13.841,4.6262,22.9339,
2010-06-26,13.843,4.6263,22.9232,
2010-06-27,13.845,4.6256,22.9126,
2010-06-28,13.847,4.6257,22.9009,
2010-06-29,13.8491,4.6257,22.8934,
2010-06-30,13.8511,4.625,22.8849,
2010-07-01,13.8531,4.6243,22.8722,
2010-07-02,13.8552,4.5975,22.8156,
2010-07-03,13.8552,4.5975,22.8156,
2010-07-04,13.8552,4.5975,22.8156,
2010-07-05,13.8613,4.6294,22.8512,
2010-07-06,13.8633,4.6342,22.8471,
2010-07-07,13.8654,4.639,22.844,
2010-07-08,13.8676,4.6438,22.8417,
2010-07-09,13.8697,4.6225,22.7972,
2010-07-10,13.8697,4.6225,22.7972,
2010-07-11,13.8697,4.6225,22.7972,
2010-07-12,13.8758,4.6567,22.836,
2010-07-13,13.8778,4.6591,22.8374,
2010-07-14,13.8798,4.6616,22.8399,
2010-07-15,13.8819,4.6648,22.8411,
2010-07-16,13.8839,4.6381,22.7925,
2010-07-17,13.8839,4.6381,22.7925,
2010-07-18,13.8839,4.6381,22.7925,
2010-07-19,13.89,4.6698,22.829,
2010-07-20,13.8921,4.6715,22.8302,
2010-07-21,13.8942,4.6731,22.8303,
2010-07-22,13.8963,4.6747,22.8239,
2010-07-23,13.8985,4.6487,22.7826,
2010-07-24,13.8985,4.6487,22.7826,
2010-07-25,13.8985,4.6487,22.7826,
2010-07-26,13.8993,4.6406,22.7691,
2010-07-27,13.9011,4.6399,22.7654,
2010-07-28,13.9034,4.6431,22.7662,
2010-07-29,13.9053,4.6432,22.7624,
2010-07-30,13.9072,4.6142,22.7185,
2010-07-31,13.9072,4.6142,22.7185,
2010-08-01,13.9072,4.6142,22.7185,
2010-08-02,13.9131,4.6444,22.75,
2010-08-03,13.9154,4.6475,22.7486,
2010-08-04,13.9184,4.6559,22.7524,
2010-08-05,13.9203,4.656,22.7453,
2010-08-06,13.9227,4.6316,22.694,
2010-08-07,13.9227,4.6316,22.694,
2010-08-08,13.9227,4.6316,22.694,
2010-08-09,13.9297,4.6708,22.7276,
2010-08-10,13.931,4.6665,22.7152,
2010-08-11,13.9319,4.6591,22.6983,
2010-08-12,13.9334,4.6562,22.6866,
2010-08-13,13.9351,4.6273,22.625,
2010-08-14,13.9351,4.6273,22.625,
2010-08-15,13.9351,4.6273,22.625,
2010-08-16,13.9415,4.6612,22.6564,
2010-08-17,13.9432,4.6598,22.6455,
2010-08-18,13.9451,4.6599,22.6374,
2010-08-19,13.9472,4.6616,22.6311,
2010-08-20,13.9489,4.6311,22.5663,
2010-08-21,13.9489,4.6311,22.5663,
2010-08-22,13.9489,4.6311,22.5663,
2010-08-23,13.9559,4.6695,22.6009,
2010-08-24,13.9585,4.6749,22.5957,
2010-08-25,13.9608,4.6788,22.5922,
2010-08-26,13.9628,4.6797,22.5829,
2010-08-27,13.9647,4.6547,22.5285,
2010-08-28,13.9647,4.6547,22.5285,
2010-08-29,13.9647,4.6547,22.5285,
2010-08-30,13.9714,4.6923,22.5637,
2010-08-31,13.9734,4.6932,22.5576,
2010-09-01,13.9757,4.6971,22.5541,
2010-09-02,13.9783,4.7032,22.5532,
2010-09-03,13.9807,4.6804,22.5034,
2010-09-04,13.9807,4.6804,22.5034,
2010-09-05,13.9807,4.6804,22.5034,
2010-09-06,13.9871,4.715,22.5359,
2010-09-07,13.9889,4.7152,22.5291,
2010-09-08,13.9909,4.7168,22.523,
2010-09-09,13.9933,4.6807,22.4475,
2010-09-10,13.9933,4.6807,22.4475,
2010-09-11,13.9933,4.6807,22.4475,
2010-09-12,13.9933,4.6807,22.4475,
2010-09-13,14.0025,4.7362,22.5033,
2010-09-14,14.0041,4.7349,22.5173,
2010-09-15,14.0073,4.7447,22.5453,
2010-09-16,14.0098,4.7501,22.4922,
2010-09-17,14.0131,4.7348,22.4472,
2010-09-18,14.0131,4.7348,22.4472,
2010-09-19,14.0131,4.7348,22.4472,
2010-09-20,14.0196,4.7701,22.4772,
2010-09-21,14.022,4.7739,22.4725,
2010-09-22,14.0244,4.7793,22.4667,
2010-09-23,14.027,4.7886,22.4638,
2010-09-24,14.0296,4.7759,22.4138,
2010-09-25,14.0296,4.7759,22.4138,
2010-09-26,14.0296,4.7759,22.4138,
2010-09-27,14.037,4.8202,22.4527,
2010-09-28,14.0397,4.8294,22.4506,
2010-09-29,14.0425,4.8378,22.4494,
2010-09-30,14.045,4.8439,22.4424,
2010-10-01,14.0477,4.8265,22.4115,
2010-10-02,14.0477,4.8265,22.4115,
2010-10-03,14.0477,4.8265,22.4115,
2010-10-04,14.0555,4.8722,22.4549,
2010-10-05,14.0582,4.8806,22.455,
2010-10-06,14.0608,4.8875,22.4542,
2010-10-07,14.0634,4.8952,22.4534,
2010-10-08,14.0667,4.8877,22.3968,
2010-10-09,14.0667,4.8877,22.3968,
2010-10-10,14.0667,4.8877,22.3968,
2010-10-11,14.0749,4.9379,22.4405,
2010-10-12,14.0777,4.947,22.4414,
2010-10-13,14.0805,4.9562,22.4391,
2010-10-14,14.0833,4.9653,22.4369,
2010-10-15,14.086,4.9487,22.3763,
2010-10-16,14.086,4.9487,22.3763,
2010-10-17,14.086,4.9487,22.3763,
2010-10-18,14.0943,4.998,22.4207,
2010-10-19,14.0971,5.0063,22.4185,
2010-10-20,14.1,5.0162,22.4171,
2010-10-21,14.1028,5.0253,22.4148,
2010-10-22,14.1055,5.011,22.3575,
2010-10-23,14.1055,5.011,22.3575,
2010-10-24,14.1055,5.011,22.3575,
2010-10-25,14.1139,5.0618,22.406,
2010-10-26,14.1166,5.0702,22.405,
2010-10-27,14.1194,5.0793,22.4059,
2010-10-28,14.1221,5.0869,22.4007,
2010-10-29,14.1248,5.0702,22.3467,
2010-10-30,14.1248,5.0702,22.3467,
2010-10-31,14.1248,5.0702,22.3467,
2010-11-01,14.1331,5.1187,22.3921,
2010-11-02,14.1358,5.1262,22.3911,
2010-11-03,14.1385,5.1338,22.3901,
2010-11-04,14.1412,5.1062,22.315,
2010-11-05,14.1412,5.1062,22.315,
2010-11-06,14.1412,5.1062,22.315,
2010-11-07,14.1412,5.1062,22.315,
2010-11-08,14.152,5.1748,22.3819,
2010-11-09,14.1549,5.1846,22.3805,
2010-11-10,14.1576,5.1921,22.3785,
2010-11-11,14.1603,5.1997,22.3754,
2010-11-12,14.163,5.1838,22.3141,
2010-11-13,14.163,5.1838,22.3141,
2010-11-14,14.163,5.1838,22.3141,
2010-11-15,14.171,5.2315,22.3568,
2010-11-16,14.1737,5.2305,22.3252,
2010-11-17,14.1737,5.2305,22.3252,
2010-11-18,14.1791,5.2588,22.3444,
2010-11-19,14.1819,5.2444,22.2883,
2010-11-20,14.1819,5.2444,22.2883,
2010-11-21,14.1819,5.2444,22.2883,
2010-11-22,14.1898,5.2914,22.3311,
2010-11-23,14.1925,5.2997,22.3544,
2010-11-24,14.1951,5.3072,22.3768,
2010-11-25,14.1976,5.3141,22.3214,
2010-11-26,14.2003,5.2997,22.2646,
2010-11-27,14.2003,5.2997,22.2646,
2010-11-28,14.2003,5.2997,22.2646,
2010-11-29,14.2081,5.3458,22.3054,
2010-11-30,14.2108,5.3542,22.3013,
2010-12-01,14.2134,5.3625,22.2974,
2010-12-02,14.2162,5.3715,22.2941,
2010-12-03,14.2189,5.3587,22.2395,
2010-12-04,14.2189,5.3587,22.2395,
2010-12-05,14.2189,5.3587,22.2395,
2010-12-06,14.2271,5.4094,22.2827,
2010-12-07,14.23,5.4191,22.2813,
2010-12-08,14.2329,5.4289,22.2789,
2010-12-09,14.2352,5.4342,22.2724,
2010-12-10,14.2381,5.4221,22.2165,
2010-12-11,14.2381,5.4221,22.2165,
2010-12-12,14.2381,5.4221,22.2165,
2010-12-13,14.2473,5.4785,22.2671,
2010-12-14,14.2502,5.4883,22.2647,
2010-12-15,14.2532,5.4995,22.2632,
2010-12-16,14.2565,5.4787,22.1836,
2010-12-17,14.2565,5.4787,22.1836,
2010-12-18,14.2565,5.4787,22.1836,
2010-12-19,14.2565,5.4787,22.1836,
2010-12-20,14.271,5.5743,22.3078,
2010-12-21,14.2744,5.5885,22.2825,
2010-12-22,14.278,5.6042,22.2861,
2010-12-23,14.2818,5.6206,22.2914,
2010-12-24,14.2852,5.6082,22.2294,
2010-12-25,14.2852,5.6082,22.2294,
2010-12-26,14.2852,5.6082,22.2294,
2010-12-27,14.2946,5.6652,22.2712,
2010-12-28,14.2979,5.6771,22.2722,
2010-12-29,14.3012,5.6898,22.2732,
2010-12-30,14.3045,5.7017,22.2743,
2010-12-31,14.3078,5.6893,22.2231,
2011-01-01,14.3078,5.6893,22.2231,
2011-01-02,14.3078,5.6893,22.2231,
2011-01-03,14.3178,5.7507,22.2834,
2011-01-04,14.3211,5.7634,22.2845,
2011-01-05,14.3246,5.7775,22.2872,
2011-01-06,14.3279,5.7894,22.2893,
2011-01-07,14.3312,5.777,22.2381,
2011-01-08,14.3312,5.777,22.2381,
2011-01-09,14.3312,5.777,22.2381,
2011-01-10,14.3412,5.8383,22.2963,
2011-01-11,14.3445,5.8502,22.2963,
2011-01-12,14.3478,5.862,22.2973,
2011-01-13,14.351,5.8732,22.2985,
2011-01-14,14.3543,5.8624,22.2444,
2011-01-15,14.3543,5.8624,22.2444,
2011-01-16,14.3543,5.8624,22.2444,
2011-01-17,14.3642,5.9244,22.3016,
2011-01-18,14.3673,5.9348,22.2999,
2011-01-19,14.3704,5.9451,22.2992,
2011-01-20,14.3735,5.9555,22.2954,
2011-01-21,14.3768,5.94,22.2351,
2011-01-22,14.3768,5.94,22.2351,
2011-01-23,14.3768,5.94,22.2351,
2011-01-24,14.3866,5.9989,22.2893,
2011-01-25,14.3899,5.9967,22.2581,
2011-01-26,14.3899,5.9967,22.2581,
2011-01-27,14.3965,6.032,22.2851,
2011-01-28,14.3999,6.0196,22.2247,
2011-01-29,14.3999,6.0196,22.2247,
2011-01-30,14.3999,6.0196,22.2247,
2011-01-31,14.41,6.0822,22.2813,
2011-02-01,14.4134,6.0948,22.2801,
2011-02-02,14.4167,6.1066,22.2791,
2011-02-03,14.4201,6.1199,22.2799,
2011-02-04,14.4235,6.109,22.2248,
2011-02-05,14.4235,6.109,22.2248,
2011-02-06,14.4235,6.109,22.2248,
2011-02-07,14.4336,6.1708,22.2834,
2011-02-08,14.4373,6.1863,22.2889,
2011-02-09,14.4407,6.1996,22.2907,
2011-02-10,14.4441,6.2121,22.2926,
2011-02-11,14.4476,6.2027,22.2415,
2011-02-12,14.4476,6.2027,22.2415,
2011-02-13,14.4476,6.2027,22.2415,
2011-02-14,14.4576,6.2645,22.2992,
2011-02-15,14.461,6.277,22.299,
2011-02-16,14.4644,6.2902,22.2998,
2011-02-17,14.4678,6.3035,22.3007,
2011-02-18,14.4711,6.2918,22.2552,
2011-02-19,14.4711,6.2918,22.2552,
2011-02-20,14.4711,6.2918,22.2552,
2011-02-21,14.4809,6.3521,22.309,
2011-02-22,14.4842,6.3646,22.3069,
2011-02-23,14.4874,6.3764,22.304,
2011-02-24,14.4911,6.3911,22.3063,
2011-02-25,14.4943,6.3825,22.2487,
2011-02-26,14.4943,6.3825,22.2487,
2011-02-27,14.4943,6.3825,22.2487,
2011-02-28,14.5038,6.4405,22.302,
2011-03-01,14.007,2.772,18.0601,
2011-03-02,14.007,2.772,18.0601,
2011-03-03,14.0135,2.8084,18.089,
2011-03-04,14.0168,2.7986,18.066,
2011-03-05,14.0168,2.7986,18.066,
2011-03-06,14.0168,2.7986,18.066,
2011-03-07,14.0265,2.8577,18.099,
2011-03-08,14.0301,2.8728,18.1035,
2011-03-09,14.0335,2.8864,18.1072,
2011-03-10,13.5366,-0.7682,13.9013,
2011-03-11,13.5399,-0.7804,13.8572,
2011-03-12,13.5399,-0.7804,13.8572,
2011-03-13,13.5399,-0.7804,13.8572,
2011-03-14,13.5496,-0.7217,13.9129,
2011-03-15,13.5528,-0.7106,13.914,
2011-03-16,13.556,-0.6996,13.9141,
2011-03-17,13.5592,-0.6885,13.9141,
2011-03-18,13.5626,-0.7007,13.8624,
2011-03-19,13.5626,-0.7007,13.8624,
2011-03-20,13.5626,-0.7007,13.8624,
2011-03-21,13.5724,-0.6413,13.9188,
2011-03-22,13.576,-0.628,13.9222,
2011-03-23,13.5793,-0.6162,13.9232,
2011-03-24,13.5827,-0.6037,13.9249,
2011-03-25,13.5867,-0.613,13.8792,
2011-03-26,13.5867,-0.613,13.8792,
2011-03-27,13.5867,-0.613,13.8792,
2011-03-28,13.5973,-0.5486,13.9423,
2011-03-29,13.6018,-0.5295,13.9542,
2011-03-30,13.6068,-0.5067,13.9703,
2011-03-31,13.6127,-0.4774,13.9939,32.711
2011-04-01,13.6163,-0.4918,13.9411,32.6646
2011-04-02,13.6163,-0.4918,13.9411,32.6646
2011-04-03,13.6163,-0.4918,13.9411,32.6646
2011-04-04,13.6271,-0.4267,14.0057,32.744
2011-04-05,13.6308,-0.4128,14.0118,32.78
2011-04-06,13.6343,-0.3996,14.0163,32.7637
2011-04-07,13.6379,-0.3864,14.0197,32.7729
2011-04-08,13.6415,-0.3972,13.9784,32.7575
2011-04-09,13.6415,-0.3972,13.9784,32.7575
2011-04-10,13.6415,-0.3972,13.9784,32.7575
2011-04-11,13.6522,-0.3445,14.0192,32.7867
2011-04-12,13.6522,-0.3445,14.0192,32.7867
2011-04-13,13.6595,-0.3174,14.0297,32.806
2011-04-14,13.6595,-0.3174,14.0297,32.806
2011-04-15,13.6674,-0.2991,14.0252,32.8041
2011-04-16,13.6674,-0.2991,14.0252,32.8041
2011-04-17,13.6674,-0.2991,14.0252,32.8041
2011-04-18,13.6802,-0.2188,14.132,32.9026
2011-04-19,13.684,-0.2042,14.1151,32.915
2011-04-20,13.6878,-0.1889,14.1221,32.9261
2011-04-21,13.6917,-0.2121,14.0557,32.8479
2011-04-22,13.6917,-0.2121,14.0557,32.8479
2011-04-23,13.6917,-0.2121,14.0557,32.8479
2011-04-24,13.6917,-0.2121,14.0557,32.8479
2011-04-25,13.7068,-0.1144,14.1558,32.9686
2011-04-26,13.7105,-0.1006,14.1619,32.9774
2011-04-27,13.7141,-0.0882,14.1662,32.9852
2011-04-28,13.7178,-0.0743,14.1723,32.9953
2011-04-29,13.7218,-0.0852,14.1543,32.9542
2011-04-30,13.7218,-0.0852,14.1543,32.9542
2011-05-01,13.7218,-0.0852,14.1543,32.9542
2011-05-02,13.7329,-0.0175,14.1953,33.0359
2011-05-03,13.7366,-0.0036,14.1995,33.046
2011-05-04,13.7399,0.0073,14.2013,33.0522
2011-05-05,13.7433,0.0182,14.203,33.0606
2011-05-06,13.747,0.0058,14.155,33.023
2011-05-07,13.747,0.0058,14.155,33.023
2011-05-08,13.747,0.0058,14.155,33.023
2011-05-09,13.7571,0.0662,14.2123,33.0963
2011-05-10,13.7606,0.0785,14.2148,33.107
2011-05-11,13.7642,0.0916,14.2172,33.1186
2011-05-12,13.7678,0.1047,14.2196,33.1534
2011-05-13,13.7716,0.0923,14.1734,33.0937
2011-05-14,13.7716,0.0923,14.1734,33.0937
2011-05-15,13.7716,0.0923,14.1734,33.0937
2011-05-16,13.7822,0.1562,14.2348,33.1716
2011-05-17,13.7859,0.17,14.2399,33.1842
2011-05-18,13.7894,0.1824,14.2433,33.1936
2011-05-19,13.7931,0.1961,14.2475,33.2062
2011-05-20,13.7967,0.1823,14.1988,33.1689
2011-05-21,13.7967,0.1823,14.1988,33.1689
2011-05-22,13.7967,0.1823,14.1988,33.1689
2011-05-23,13.8072,0.2447,14.2592,33.2458
2011-05-24,13.8143,0.2831,14.2915,33.2899
2011-05-25,13.8178,0.2954,14.294,33.3005
2011-05-26,13.8213,0.3063,14.2965,33.3099
2011-05-27,13.8249,0.2909,14.2469,33.2713
2011-05-28,13.8249,0.2909,14.2469,33.2713
2011-05-29,13.8249,0.2909,14.2469,33.2713
2011-05-30,13.8356,0.3547,14.3088,33.3488
2011-05-31,13.8392,0.367,14.3121,33.359
2011-06-01,13.843,0.3778,14.3171,33.3712
2011-06-02,13.847,0.39,14.3237,33.3854
2011-06-03,13.8511,0.3725,14.2811,33.3516
2011-06-04,13.8511,0.3725,14.2811,33.3516
2011-06-05,13.8511,0.3725,14.2811,33.3516
2011-06-06,13.8612,0.4304,14.339,33.4245
2011-06-07,13.8647,0.4405,14.3414,33.4337
2011-06-08,13.868,0.4491,14.3423,33.4411
2011-06-09,13.8713,0.4584,14.3431,33.4485
2011-06-10,13.8747,0.438,14.291,33.408
2011-06-11,13.8747,0.438,14.291,33.408
2011-06-12,13.8747,0.438,14.291,33.408
2011-06-13,13.8848,0.4965,14.3497,33.482
2011-06-14,13.8881,0.5059,14.3496,33.4894
2011-06-15,13.8915,0.5152,14.3503,33.4989
2011-06-16,13.8949,0.5238,14.351,33.5316
2011-06-17,13.899,0.5076,14.3029,33.4761
2011-06-18,13.899,0.5076,14.3029,33.4761
2011-06-19,13.899,0.5076,14.3029,33.4761
2011-06-20,13.9084,0.5603,14.3529,33.5433
2011-06-21,13.9118,0.5697,14.3536,33.5516
2011-06-22,13.9152,0.5797,14.3533,33.5611
2011-06-23,13.9191,0.5933,14.3581,33.5742
2011-06-24,13.9226,0.575,14.3033,33.5373
2011-06-25,13.9226,0.575,14.3033,33.5373
2011-06-26,13.9226,0.575,14.3033,33.5373
2011-06-27,13.9329,0.6349,14.3597,33.6118
2011-06-28,13.9364,0.6456,14.3612,33.621
2011-06-29,13.9401,0.6571,14.3634,33.6308
2011-06-30,13.9442,0.6721,14.368,33.6458
2011-07-01,13.9473,0.6647,14.3156,33.6038
2011-07-02,13.9473,0.6647,14.3156,33.6038
2011-07-03,13.9473,0.6647,14.3156,33.6038
2011-07-04,13.9578,0.7405,14.3791,33.68
2011-07-05,13.9611,0.72,14.3809,33.6886
2011-07-06,13.9642,0.7278,14.381,33.6952
2011-07-07,13.9675,0.7364,14.3799,33.7038
2011-07-08,13.971,0.7304,14.3252,33.6682
2011-07-09,13.971,0.7304,14.3252,33.6682
2011-07-10,13.971,0.7304,14.3252,33.6682
2011-07-11,13.9815,0.8061,14.3821,33.7456
2011-07-12,13.985,0.787,14.3818,33.7548
2011-07-13,13.9888,0.7998,14.3838,33.7643
2011-07-14,13.9929,0.8149,14.3884,33.7805
2011-07-15,13.9975,0.8182,14.339,33.7528
2011-07-16,13.9975,0.8182,14.339,33.7528
2011-07-17,13.9975,0.8182,14.339,33.7528
2011-07-18,14.0082,0.8953,14.3975,33.8308
2011-07-19,14.0117,0.8762,14.3962,33.8412
2011-07-20,14.0151,0.8854,14.394,33.8455
2011-07-21,14.0176,0.8881,14.3846,33.8464
2011-07-22,14.0217,0.8864,14.3294,33.8153
2011-07-23,14.0217,0.8864,14.3294,33.8153
2011-07-24,14.0217,0.8864,14.3294,33.8153
2011-07-25,14.0319,0.9598,14.3837,33.8883
2011-07-26,14.035,0.9763,14.38,33.8936
2011-07-27,14.0381,0.9855,14.3764,33.9002
2011-07-28,14.0416,0.994,14.3769,33.9093
2011-07-29,14.0451,0.9916,14.3226,33.8623
2011-07-30,14.0451,0.9916,14.3226,33.8623
2011-07-31,14.0451,0.9916,14.3226,33.8623
2011-08-01,14.0559,1.0692,14.3863,33.941
2011-08-02,14.0595,1.0522,14.3876,33.951
2011-08-03,14.0628,1.0593,14.3856,33.9595
2011-08-04,14.0666,1.0648,14.3886,33.9714
2011-08-05,14.0711,1.0659,14.3388,33.9441
2011-08-06,14.0711,1.0659,14.3388,33.9441
2011-08-07,14.0711,1.0659,14.3388,33.9441
2011-08-08,14.0835,1.1549,14.4107,34.0379
2011-08-09,14.0872,1.1307,14.4129,34.0489
2011-08-10,14.0908,1.1471,14.4133,34.0589
2011-08-11,14.094,1.1635,14.4105,34.0664
2011-08-12,14.097,1.1618,14.3198,33.9981
2011-08-13,14.097,1.1618,14.3198,33.9981
2011-08-14,14.097,1.1618,14.3198,33.9981
2011-08-15,14.097,1.1618,14.3198,33.9981
2011-08-16,14.1102,1.2101,14.3971,34.0993
2011-08-17,14.1137,1.2228,14.3968,34.1071
2011-08-18,14.1174,1.2356,14.398,34.118
2011-08-19,14.121,1.2338,14.3429,34.0784
2011-08-20,14.121,1.2338,14.3429,34.0784
2011-08-21,14.121,1.2338,14.3429,34.0784
2011-08-22,14.1329,1.3191,14.4114,34.1659
2011-08-23,14.137,1.2977,14.4178,34.1768
2011-08-24,14.1403,1.3024,14.4167,34.1839
2011-08-25,14.1436,1.3094,14.4165,34.191
2011-08-26,14.1468,1.304,14.3619,34.1476
2011-08-27,14.1468,1.304,14.3619,34.1476
2011-08-28,14.1468,1.304,14.3619,34.1476
2011-08-29,14.1566,1.3742,14.4153,34.2163
2011-08-30,14.1598,1.3173,14.3616,34.1741
2011-08-31,14.1598,1.3173,14.3616,34.1741
2011-09-01,14.1598,1.3173,14.3616,34.1741
2011-09-02,14.1705,1.3576,14.3668,34.2005
2011-09-03,14.1705,1.3576,14.3668,34.2005
2011-09-04,14.1705,1.3576,14.3668,34.2005
2011-09-05,14.1812,1.4341,14.4263,34.2777
2011-09-06,14.185,1.4149,14.4302,34.2895
2011-09-07,14.1886,1.4276,14.4325,34.2969
2011-09-08,14.1922,1.4388,14.4329,34.3068
2011-09-09,14.1956,1.4457,14.3746,34.2653
2011-09-10,14.1956,1.4457,14.3746,34.2653
2011-09-11,14.1956,1.4457,14.3746,34.2653
2011-09-12,14.2062,1.5214,14.4314,34.3401
2011-09-13,14.2097,1.4797,14.4319,34.3478
2011-09-14,14.2133,1.4938,14.4333,34.3564
2011-09-15,14.2166,1.4942,14.4304,34.3622
2011-09-16,14.2201,1.4772,14.372,34.3192
2011-09-17,14.2201,1.4772,14.372,34.3192
2011-09-18,14.2201,1.4772,14.372,34.3192
2011-09-19,14.2302,1.5493,14.4238,34.3892
2011-09-20,14.2337,1.5271,14.4225,34.3968
2011-09-21,14.2372,1.5347,14.4221,34.4045
2011-09-22,14.2408,1.543,14.4216,34.4118
2011-09-23,14.2443,1.5303,14.3624,34.37
2011-09-24,14.2443,1.5303,14.3624,34.37
2011-09-25,14.2443,1.5303,14.3624,34.37
2011-09-26,14.2549,1.6059,14.4191,34.4459
2011-09-27,14.2584,1.5773,14.4187,34.4523
2011-09-28,14.2626,1.5876,14.423,34.4678
2011-09-29,14.2664,1.5944,14.4205,34.4783
2011-09-30,14.27,1.5825,14.3521,34.4362
2011-10-01,14.27,1.5825,14.3521,34.4362
2011-10-02,14.27,1.5825,14.3521,34.4362
2011-10-03,14.2802,1.6551,14.3972,34.507
2011-10-04,14.2838,1.6243,14.3912,34.5155
2011-10-05,14.2875,1.6123,14.3531,34.525
2011-10-06,14.2875,1.6123,14.3531,34.525
2011-10-07,14.2948,1.6216,14.3127,34.4925
2011-10-08,14.2948,1.6216,14.3127,34.4925
2011-10-09,14.2948,1.6216,14.3127,34.4925
2011-10-10,14.3055,1.6976,14.358,34.5665
2011-10-11,14.3091,1.664,14.3484,34.5751
2011-10-12,14.3127,1.6693,14.3388,34.5849
2011-10-13,14.3162,1.6739,14.3329,34.5925
2011-10-14,14.3197,1.6591,14.256,34.5508
2011-10-15,14.3197,1.6591,14.256,34.5508
2011-10-16,14.3197,1.6591,14.256,34.5508
2011-10-17,14.3303,1.7343,14.3041,34.6251
2011-10-18,14.3341,1.7014,14.2988,34.6355
2011-10-19,14.3376,1.706,14.2912,34.6355
2011-10-20,14.3412,1.7106,14.2843,34.644
2011-10-21,14.3447,1.6958,14.2039,34.5998
2011-10-22,14.3447,1.6958,14.2039,34.5998
2011-10-23,14.3447,1.6958,14.2039,34.5998
2011-10-24,14.3553,1.7709,14.2529,34.6727
2011-10-25,14.359,1.697,14.1733,34.6304
2011-10-26,14.359,1.697,14.1733,34.6304
2011-10-27,14.359,1.697,14.1733,34.6304
2011-10-28,14.3695,1.7324,14.1533,34.653
2011-10-29,14.3695,1.7324,14.1533,34.653
2011-10-30,14.3695,1.7324,14.1533,34.653
2011-10-31,14.3801,1.8075,14.203,34.7259
2011-11-01,14.3837,1.7731,14.198,34.7343
2011-11-02,14.3873,1.7792,14.1922,34.7428
2011-11-03,14.3912,1.7873,14.1905,34.7516
2011-11-04,14.3951,1.7955,14.0902,34.686
2011-11-05,14.3951,1.7955,14.0902,34.686
2011-11-06,14.3951,1.7955,14.0902,34.686
2011-11-07,14.3951,1.7955,14.0902,34.686
2011-11-08,14.4094,1.8188,14.1709,34.7945
2011-11-09,14.413,1.804,14.1334,34.7765
2011-11-10,14.413,1.804,14.1334,34.7765
2011-11-11,14.4204,1.8174,14.1026,34.7688
2011-11-12,14.4204,1.8174,14.1026,34.7688
2011-11-13,14.4204,1.8174,14.1026,34.7688
2011-11-14,14.4311,1.893,14.1575,34.8424
2011-11-15,14.4347,1.8608,14.157,34.8495
2011-11-16,14.4384,1.8675,14.1565,34.8589
2011-11-17,14.4421,1.8936,14.156,34.867
2011-11-18,14.4457,1.8601,14.0951,34.8226
2011-11-19,14.4457,1.8601,14.0951,34.8226
2011-11-20,14.4457,1.8601,14.0951,34.8226
2011-11-21,14.4568,1.9384,14.1504,34.8997
2011-11-22,14.4604,1.907,14.1463,34.9082
2011-11-23,14.4639,1.9123,14.1415,34.9068
2011-11-24,14.4674,1.9183,14.1385,34.9143
2011-11-25,14.471,1.9063,14.0769,34.8699
2011-11-26,14.471,1.9063,14.0769,34.8699
2011-11-27,14.471,1.9063,14.0769,34.8699
2011-11-28,14.4818,1.9824,14.1333,34.9429
2011-11-29,14.4854,1.9517,14.1329,34.95
2011-11-30,14.4894,1.9605,14.1356,34.9521
2011-12-01,14.4931,1.9679,14.1369,34.9614
2011-12-02,14.4968,1.9544,14.0834,34.918
2011-12-03,14.4968,1.9544,14.0834,34.918
2011-12-04,14.4968,1.9544,14.0834,34.918
2011-12-05,14.5078,1.973,14.1151,34.9676
2011-12-06,14.5078,1.973,14.1151,34.9676
2011-12-07,14.5153,2.0049,14.1472,35.0097
2011-12-08,14.519,2.0101,14.1494,35.019
2011-12-09,14.5227,1.9989,14.0977,34.9781
2011-12-10,14.5227,1.9989,14.0977,34.9781
2011-12-11,14.5227,1.9989,14.0977,34.9781
2011-12-12,14.5337,2.0761,14.1581,35.0527
2011-12-13,14.5374,2.0362,14.1603,35.062
2011-12-14,14.541,2.0407,14.1626,35.0679
2011-12-15,14.5447,2.0452,14.1674,35.0746
2011-12-16,14.5484,2.0475,14.1248,35.0275
2011-12-17,14.5484,2.0475,14.1248,35.0275
2011-12-18,14.5484,2.0475,14.1248,35.0275
2011-12-19,14.5594,2.1246,14.1878,35.1032
2011-12-20,14.5632,2.0475,14.1943,35.1109
2011-12-21,14.5668,2.0484,14.1993,35.1167
2011-12-22,14.5705,2.0486,14.1987,35.1222
2011-12-23,14.5743,2.0238,14.1489,35.0723
2011-12-24,14.5743,2.0238,14.1489,35.0723
2011-12-25,14.5743,2.0238,14.1489,35.0723
2011-12-26,14.5859,2.105,14.2102,35.1497
2011-12-27,14.5901,2.0672,14.2145,35.1636
2011-12-28,14.5941,2.0716,14.2163,35.1681
2011-12-29,14.598,2.0754,14.22,35.1729
2011-12-30,14.6021,2.0569,14.0914,35.1171
2011-12-31,14.6021,2.0569,14.0914,35.1171
2012-01-01,14.6021,2.0569,14.0914,35.1171
2012-01-02,14.6137,2.138,14.1517,35.1969
2012-01-03,14.6174,2.0925,14.1503,35.2036
2012-01-04,14.6213,2.0962,14.1495,35.2121
2012-01-05,14.6251,2.0978,14.1507,35.2198
2012-01-06,14.629,2.078,14.0903,35.1721
2012-01-07,14.629,2.078,14.0903,35.1721
2012-01-08,14.629,2.078,14.0903,35.1721
2012-01-09,14.6406,2.1589,14.1496,35.2505
2012-01-10,14.6444,2.1142,14.149,35.2569
2012-01-11,14.6481,2.1165,14.1467,35.2623
2012-01-12,14.6517,2.1181,14.1445,35.2669
2012-01-13,14.6555,2.0983,14.0888,35.2171
2012-01-14,14.6555,2.0983,14.0888,35.2171
2012-01-15,14.6555,2.0983,14.0888,35.2171
2012-01-16,14.667,2.1784,14.1516,35.2982
2012-01-17,14.6707,2.1338,14.1529,35.3036
2012-01-18,14.6743,2.1368,14.1542,35.3094
2012-01-19,14.6783,2.1426,14.1569,35.3175
2012-01-20,14.6822,2.1243,14.0994,35.2699
2012-01-21,14.6822,2.1243,14.0994,35.2699
2012-01-22,14.6822,2.1243,14.0994,35.2699
2012-01-23,14.6938,2.2049,14.1603,35.3481
2012-01-24,14.6977,2.1624,14.1613,35.3566
2012-01-25,14.7005,2.1585,14.1246,35.3251
2012-01-26,14.7005,2.1585,14.1246,35.3251
2012-01-27,14.7081,2.1403,14.0994,35.3377
2012-01-28,14.7081,2.1403,14.0994,35.3377
2012-01-29,14.7081,2.1403,14.0994,35.3377
2012-01-30,14.7196,2.2202,14.1612,35.3875
2012-01-31,14.7234,2.1749,14.1632,35.4225
2012-02-01,14.7294,2.1924,14.1823,35.4203
2012-02-02,14.7334,2.1968,14.185,35.4285
2012-02-03,14.7377,2.1784,14.1351,35.3821
2012-02-04,14.7377,2.1784,14.1351,35.3821
2012-02-05,14.7377,2.1784,14.1351,35.3821
2012-02-06,14.7493,2.2588,14.1976,35.4601
2012-02-07,14.7531,2.2136,14.1996,35.4676
2012-02-08,14.7563,2.2096,14.1969,35.4696
2012-02-09,14.7593,2.2063,14.1936,35.4686
2012-02-10,14.7629,2.1824,14.1429,35.4196
2012-02-11,14.7629,2.1824,14.1429,35.4196
2012-02-12,14.7629,2.1824,14.1429,35.4196
2012-02-13,14.7745,2.2627,14.207,35.4986
2012-02-14,14.7782,2.2175,14.2091,35.5027
2012-02-15,14.782,2.1957,14.1882,35.4767
2012-02-16,14.782,2.1957,14.1882,35.4767
2012-02-17,14.7884,2.1926,14.1353,35.4175
2012-02-18,14.7884,2.1926,14.1353,35.4175
2012-02-19,14.7884,2.1926,14.1353,35.4175
2012-02-20,14.7884,2.1926,14.1353,35.4175
2012-02-21,14.803,2.2243,14.2216,35.5251
2012-02-22,14.8073,2.2307,14.2336,35.5384
2012-02-23,14.8115,2.2371,14.2448,35.5496
2012-02-24,14.8149,2.2119,14.1997,35.5001
2012-02-25,14.8149,2.2119,14.1997,35.5001
2012-02-26,14.8149,2.2119,14.1997,35.5001
2012-02-27,14.8254,2.2843,14.2569,35.5701
2012-02-28,14.828,2.2353,14.2531,35.5666
2012-02-29,14.8305,5.8792,14.2486,35.5622
2012-03-01,14.8333,5.8992,14.2464,35.5605
2012-03-02,14.8379,5.858,14.2176,35.522
2012-03-03,14.8379,5.858,14.2176,35.522
2012-03-04,14.8379,5.858,14.2176,35.522
2012-03-05,14.8501,5.945,14.2904,35.6062
2012-03-06,14.8538,5.8981,14.2978,35.6127
2012-03-07,14.8579,5.8745,14.2871,35.5945
2012-03-08,14.8579,5.8745,14.2871,35.5945
2012-03-09,14.8658,9.7925,14.2855,35.5849
2012-03-10,14.8658,9.7925,14.2855,35.5849
2012-03-11,14.8658,9.7925,14.2855,35.5849
2012-03-12,14.878,9.8826,14.3582,35.6677
2012-03-13,14.8815,9.8298,14.3649,35.6699
2012-03-14,14.8866,9.8415,14.383,35.6818
2012-03-15,14.8903,9.8429,14.3912,35.6784
2012-03-16,14.8942,9.8182,14.3605,35.5953
2012-03-17,14.8942,9.8182,14.3605,35.5953
2012-03-18,14.8942,9.8182,14.3605,35.5953
2012-03-19,14.9066,9.9096,14.4285,35.644
2012-03-20,14.9108,9.8612,14.4423,35.6267
2012-03-21,14.9156,9.8674,14.4607,35.6358
2012-03-22,14.9197,9.8111,14.407,35.5449
2012-03-23,14.9197,9.8111,14.407,35.5449
2012-03-24,14.9197,9.8111,14.407,35.5449
2012-03-25,14.9197,9.8111,14.407,35.5449
2012-03-26,14.9359,9.9303,14.5093,35.5923
2012-03-27,14.9408,9.8806,14.524,35.5999
2012-03-28,14.9473,9.8921,14.5519,35.585
2012-03-29,14.9504,9.8745,14.5537,35.6131
2012-03-30,14.9534,9.8198,14.4889,35.342
2012-03-31,14.9534,9.8198,14.4889,35.342
2012-04-01,14.9534,9.8198,14.4889,35.342
2012-04-02,14.9534,9.8198,14.4889,35.342
2012-04-03,14.9758,9.8972,14.6394,35.5104
2012-04-04,14.9863,9.8582,14.6259,35.4449
2012-04-05,14.9863,9.8582,14.6259,35.4449
2012-04-06,14.9863,9.8582,14.6259,35.4449
2012-04-07,14.9863,9.8582,14.6259,35.4449
2012-04-08,14.9863,9.8582,14.6259,35.4449
2012-04-09,15.0073,10.0121,14.7698,35.6065
2012-04-10,15.0139,9.9742,14.8036,35.6404
2012-04-11,15.0181,10.005,14.8182,35.6489
2012-04-12,15.0229,9.9813,14.8373,35.6923
2012-04-13,15.0271,9.9485,14.815,35.6016
2012-04-14,15.0271,9.9485,14.815,35.6016
2012-04-15,15.0271,9.9485,14.815,35.6016
2012-04-16,15.0393,10.0378,14.8906,35.6738
2012-04-17,15.0447,9.9743,14.9143,35.687
2012-04-18,15.0498,9.981,14.9357,35.6975
2012-04-19,15.054,9.9812,14.9494,35.6999
2012-04-20,15.0577,9.9768,14.9215,35.6281
2012-04-21,15.0577,9.9768,14.9215,35.6281
2012-04-22,15.0577,9.9768,14.9215,35.6281
2012-04-23,15.069,10.0594,14.9884,35.6969
2012-04-24,15.0729,9.9666,14.9997,35.699
2012-04-25,15.077,9.9668,15.0117,35.6956
2012-04-26,15.0809,9.9664,15.0222,35.6977
2012-04-27,15.0848,9.9331,14.9888,35.6657
2012-04-28,15.0848,9.9331,14.9888,35.6657
2012-04-29,15.0848,9.9331,14.9888,35.6657
2012-04-30,15.0971,9.9338,15.0395,35.6738
2012-05-01,15.0971,9.9338,15.0395,35.6738
2012-05-02,15.1051,9.9624,15.0795,35.7152
2012-05-03,15.1091,9.9651,15.0906,35.7182
2012-05-04,15.1154,9.9542,15.086,35.6797
2012-05-05,15.1154,9.9542,15.086,35.6797
2012-05-06,15.1154,9.9542,15.086,35.6797
2012-05-07,15.127,10.0386,15.1568,35.7546
2012-05-08,15.1308,9.9854,15.1691,35.7583
2012-05-09,15.1347,9.9858,15.1812,35.7591
2012-05-10,15.1393,9.9904,15.1987,35.7675
2012-05-11,15.1433,9.9604,15.1757,35.7024
2012-05-12,15.1433,9.9604,15.1757,35.7024
2012-05-13,15.1433,9.9604,15.1757,35.7024
2012-05-14,15.1555,10.0489,15.2501,35.7776
2012-05-15,15.1595,9.9933,15.2621,35.7794
2012-05-16,15.1636,9.9935,15.2757,35.7845
2012-05-17,15.1676,9.9946,15.2895,35.7875
2012-05-18,15.1716,9.9654,15.2708,35.7249
2012-05-19,15.1716,9.9654,15.2708,35.7249
2012-05-20,15.1716,9.9654,15.2708,35.7249
2012-05-21,15.1841,10.056,15.3491,35.8039
2012-05-22,15.188,10.0006,15.3621,35.806
2012-05-23,15.1926,9.9773,15.3813,35.8131
2012-05-24,15.1977,9.9864,15.4034,35.8587
2012-05-25,15.2013,9.9559,15.3816,35.7623
2012-05-26,15.2013,9.9559,15.3816,35.7623
2012-05-27,15.2013,9.9559,15.3816,35.7623
2012-05-28,15.2135,10.0442,15.4585,35.8421
2012-05-29,15.2177,9.9894,15.4754,35.8529
2012-05-30,15.2219,9.9912,15.4924,35.8649
2012-05-31,15.2282,10.0065,15.5236,35.8945
2012-06-01,15.2319,9.9689,15.4973,35.8523
2012-06-02,15.2319,9.9689,15.4973,35.8523
2012-06-03,15.2319,9.9689,15.4973,35.8523
2012-06-04,15.2448,10.062,15.5767,35.9407
2012-06-05,15.2488,10.0107,15.5886,35.9509
2012-06-06,15.2537,10.0182,15.6083,35.9704
2012-06-07,15.2578,10.0216,15.6209,35.9815
2012-06-08,15.2622,10.0002,15.5991,35.9468
2012-06-09,15.2622,10.0002,15.5991,35.9468
2012-06-10,15.2622,10.0002,15.5991,35.9468
2012-06-11,15.2754,10.0954,15.6824,36.0377
2012-06-12,15.2797,10.0462,15.6983,36.0493
2012-06-13,15.2864,10.0683,15.7324,36.0811
2012-06-14,15.2896,10.0644,15.74,36.083
2012-06-15,15.2935,10.0331,15.7196,36.0353
2012-06-16,15.2935,10.0331,15.7196,36.0353
2012-06-17,15.2935,10.0331,15.7196,36.0353
2012-06-18,15.3034,10.1043,15.7796,36.0992
2012-06-19,15.307,10.0558,15.7911,36.1009
2012-06-20,15.3124,10.0677,15.817,36.1211
2012-06-21,15.3167,10.0717,15.8329,36.1291
2012-06-22,15.3208,10.0427,15.8122,36.0772
2012-06-23,15.3208,10.0427,15.8122,36.0772
2012-06-24,15.3208,10.0427,15.8122,36.0772
2012-06-25,15.3326,10.1274,15.8848,36.1506
2012-06-26,15.337,10.0776,15.9005,36.1582
2012-06-27,15.3417,10.0837,15.9194,36.1673
2012-06-28,15.3463,10.0874,15.9366,36.1791
2012-06-29,15.3521,10.0722,15.9297,36.1448
2012-06-30,15.3521,10.0722,15.9297,36.1448
2012-07-01,15.3521,10.0722,15.9297,36.1448
2012-07-02,15.3615,10.1396,15.9849,36.1944
2012-07-03,15.365,10.0818,15.9955,36.1988
2012-07-04,15.3719,10.1052,16.0319,36.2395
2012-07-05,15.376,10.1101,16.0514,36.2517
2012-07-06,15.3823,10.1016,16.0595,36.2351
2012-07-07,15.3823,10.1016,16.0595,36.2351
2012-07-08,15.3823,10.1016,16.0595,36.2351
2012-07-09,15.3925,10.1746,16.1234,36.3025
2012-07-10,15.3958,10.1155,16.1342,36.3087
2012-07-11,15.3995,10.1144,16.149,36.3246
2012-07-12,15.4031,10.1102,16.1621,36.3384
2012-07-13,15.4072,10.0711,16.151,36.3083
2012-07-14,15.4072,10.0711,16.151,36.3083
2012-07-15,15.4072,10.0711,16.151,36.3083
2012-07-16,15.4186,10.1525,16.2212,36.3862
2012-07-17,15.4224,10.0955,16.2332,36.3993
2012-07-18,15.4263,10.0958,16.2468,36.4145
2012-07-19,15.4304,10.0984,16.2619,36.4315
2012-07-20,15.4342,10.0737,16.2433,36.3951
2012-07-21,15.4342,10.0737,16.2433,36.3951
2012-07-22,15.4342,10.0737,16.2433,36.3951
2012-07-23,15.4455,10.1543,16.3126,36.4721
2012-07-24,15.4508,10.112,16.3367,36.496
2012-07-25,15.4546,10.1147,16.3496,36.5066
2012-07-26,15.4584,10.1175,16.3624,36.5185
2012-07-27,15.4621,10.0889,16.343,36.4849
2012-07-28,15.4621,10.0889,16.343,36.4849
2012-07-29,15.4621,10.0889,16.343,36.4849
2012-07-30,15.4731,10.1672,16.4091,36.5591
2012-07-31,15.4765,10.1068,16.4189,36.5662
2012-08-01,15.4809,10.1099,16.4363,36.5821
2012-08-02,15.485,10.1132,16.4513,36.5942
2012-08-03,15.4891,10.0774,16.4349,36.5509
2012-08-04,15.4891,10.0774,16.4349,36.5509
2012-08-05,15.4891,10.0774,16.4349,36.5509
2012-08-06,15.5008,10.1605,16.5062,36.6275
2012-08-07,15.5051,10.0941,16.5236,36.6389
2012-08-08,15.5086,10.09,16.535,36.6384
2012-08-09,15.5114,10.0818,16.5403,36.6366
2012-08-10,15.5153,10.061,16.5232,36.5844
2012-08-11,15.5153,10.061,16.5232,36.5844
2012-08-12,15.5153,10.061,16.5232,36.5844
2012-08-13,15.5277,10.149,16.6006,36.667
2012-08-14,15.5317,10.0743,16.5991,36.6469
2012-08-15,15.5317,10.0743,16.5991,36.6469
2012-08-16,15.5395,10.1022,16.6419,36.6867
2012-08-17,15.5434,10.0729,16.6073,36.6056
2012-08-18,15.5434,10.0729,16.6073,36.6056
2012-08-19,15.5434,10.0729,16.6073,36.6056
2012-08-20,15.5434,10.0729,16.6073,36.6056
2012-08-21,15.5591,10.0913,16.7093,36.7148
2012-08-22,15.563,10.087,16.7228,36.719
2012-08-23,15.5669,10.0889,16.7363,36.7221
2012-08-24,15.5707,10.0652,16.7201,36.6726
2012-08-25,15.5707,10.0652,16.7201,36.6726
2012-08-26,15.5707,10.0652,16.7201,36.6726
2012-08-27,15.5821,10.1458,16.7907,36.7463
2012-08-28,15.5859,10.0964,16.8043,36.7532
2012-08-29,15.5896,10.0976,16.818,36.7593
2012-08-30,15.5936,10.1258,16.8322,36.768
2012-08-31,15.5978,10.0723,16.8191,36.7257
2012-09-01,15.5978,10.0723,16.8191,36.7257
2012-09-02,15.5978,10.0723,16.8191,36.7257
2012-09-03,15.6095,10.1549,16.8909,36.8018
2012-09-04,15.6133,10.0986,16.9045,36.8088
2012-09-05,15.6176,10.0994,16.9218,36.8201
2012-09-06,15.6218,10.1011,16.9384,36.8317
2012-09-07,15.6254,10.0721,16.9198,36.7818
2012-09-08,15.6254,10.0721,16.9198,36.7818
2012-09-09,15.6254,10.0721,16.9198,36.7818
2012-09-10,15.6364,10.1496,16.9873,36.8517
2012-09-11,15.6401,10.0935,17.0001,36.8577
2012-09-12,15.6441,10.0945,17.0151,36.8652
2012-09-13,15.6482,10.0955,17.0309,36.901
2012-09-14,15.6525,10.0731,17.0175,36.8273
2012-09-15,15.6525,10.0731,17.0175,36.8273
2012-09-16,15.6525,10.0731,17.0175,36.8273
2012-09-17,15.6645,10.1575,17.0924,36.9047
2012-09-18,15.668,10.0768,17.0888,36.8779
2012-09-19,15.668,10.0768,17.0888,36.8779
2012-09-20,15.6754,10.1017,17.1283,36.9138
2012-09-21,15.6792,10.0735,17.1208,36.8609
2012-09-22,15.6792,10.0735,17.1208,36.8609
2012-09-23,15.6792,10.0735,17.1208,36.8609
2012-09-24,15.6903,10.1514,17.1915,36.9315
2012-09-25,15.6937,10.0934,17.2038,36.9337
2012-09-26,15.6975,10.093,17.2199,36.9382
2012-09-27,15.7014,10.0879,17.2367,36.9436
2012-09-28,15.7064,10.0659,17.2321,36.9263
2012-09-29,15.7064,10.0659,17.2321,36.9263
2012-09-30,15.7064,10.0659,17.2321,36.9263
2012-10-01,15.7176,10.0657,17.2876,36.963
2012-10-02,15.7176,10.0657,17.2876,36.963
2012-10-03,15.7266,10.101,17.3408,37.014
2012-10-04,15.7323,10.1123,17.3702,37.0374
2012-10-05,15.7361,10.0827,17.3583,36.9845
2012-10-06,15.7361,10.0827,17.3583,36.9845
2012-10-07,15.7361,10.0827,17.3583,36.9845
2012-10-08,15.7463,10.154,17.4229,37.0411
2012-10-09,15.75,10.0975,17.4392,37.0435
2012-10-10,15.7537,10.0957,17.4545,37.0447
2012-10-11,15.757,10.091,17.466,37.0472
2012-10-12,15.7607,10.0631,17.4533,36.99
2012-10-13,15.7607,10.0631,17.4533,36.99
2012-10-14,15.7607,10.0631,17.4533,36.99
2012-10-15,15.7746,10.1601,17.5437,37.0787
2012-10-16,15.7785,10.1059,17.5587,37.0804
2012-10-17,15.7824,10.1039,17.5738,37.0833
2012-10-18,15.786,10.1021,17.5866,37.0848
2012-10-19,15.7891,10.0692,17.5703,37.0225
2012-10-20,15.7891,10.0692,17.5703,37.0225
2012-10-21,15.7891,10.0692,17.5703,37.0225
2012-10-22,15.7993,10.1403,17.6331,37.0813
2012-10-23,15.803,10.0564,17.6352,37.0551
2012-10-24,15.803,10.0564,17.6352,37.0551
2012-10-25,15.8091,10.0184,17.6272,36.9939
2012-10-26,15.8091,10.0184,17.6272,36.9939
2012-10-27,15.8091,10.0184,17.6272,36.9939
2012-10-28,15.8091,10.0184,17.6272,36.9939
2012-10-29,15.8247,10.127,17.7293,37.1006
2012-10-30,15.8282,10.0702,17.7413,37.1012
2012-10-31,15.831,10.0621,17.7472,37.0958
2012-11-01,15.8346,10.0596,17.76,37.0997
2012-11-02,15.8379,10.0229,17.7434,37.0475
2012-11-03,15.8379,10.0229,17.7434,37.0475
2012-11-04,15.8379,10.0229,17.7434,37.0475
2012-11-05,15.8484,10.0958,17.8083,37.1123
2012-11-06,15.852,10.1208,17.8219,37.1126
2012-11-07,15.8565,10.0427,17.8423,37.1219
2012-11-08,15.86,10.0395,17.8551,37.1225
2012-11-09,15.8636,10.008,17.8398,37.0624
2012-11-10,15.8636,10.008,17.8398,37.0624
2012-11-11,15.8636,10.008,17.8398,37.0624
2012-11-12,15.8741,9.9718,17.8784,37.0619
2012-11-13,15.8741,9.9718,17.8784,37.0619
2012-11-14,15.8741,9.9718,17.8784,37.0619
2012-11-15,15.8848,10.0177,17.9474,37.1235
2012-11-16,15.8883,9.9864,17.934,37.0638
2012-11-17,15.8883,9.9864,17.934,37.0638
2012-11-18,15.8883,9.9864,17.934,37.0638
2012-11-19,15.8993,10.0625,18.0025,37.1268
2012-11-20,15.9045,10.014,18.0279,37.142
2012-11-21,15.9083,10.0129,18.043,37.1464
2012-11-22,15.9121,10.0125,18.058,37.1792
2012-11-23,15.9162,9.9869,18.0491,37.0987
2012-11-24,15.9162,9.9869,18.0491,37.0987
2012-11-25,15.9162,9.9869,18.0491,37.0987
2012-11-26,15.9272,10.0629,18.1175,37.1627
2012-11-27,15.9308,9.9783,18.1188,37.1347
2012-11-28,15.9308,9.9783,18.1188,37.1347
2012-11-29,15.9377,9.9956,18.1568,37.1634
2012-11-30,15.9418,9.9677,18.1495,37.1102
2012-12-01,15.9418,9.9677,18.1495,37.1102
2012-12-02,15.9418,9.9677,18.1495,37.1102
2012-12-03,15.9531,10.0457,18.221,37.1779
2012-12-04,15.9569,9.9884,18.2369,37.1811
2012-12-05,15.9604,10.0125,18.2515,37.1805
2012-12-06,15.9635,9.9771,18.2613,37.1776
2012-12-07,15.9671,9.9458,18.2494,37.1179
2012-12-08,15.9671,9.9458,18.2494,37.1179
2012-12-09,15.9671,9.9458,18.2494,37.1179
2012-12-10,15.977,10.014,18.3096,37.1734
2012-12-11,15.98,9.9514,18.3195,37.1686
2012-12-12,15.984,9.9509,18.336,37.1711
2012-12-13,15.989,9.958,18.3599,37.1834
2012-12-14,15.992,9.9227,18.3453,37.1186
2012-12-15,15.992,9.9227,18.3453,37.1186
2012-12-16,15.992,9.9227,18.3453,37.1186
2012-12-17,16.0038,10.0038,18.4195,37.1891
2012-12-18,16.0071,9.9434,18.4307,37.1869
2012-12-19,16.01,9.9346,18.4391,37.2117
2012-12-20,16.0133,9.9301,18.4512,37.1789
2012-12-21,16.0173,9.901,18.4414,37.152
2012-12-22,16.0173,9.901,18.4414,37.152
2012-12-23,16.0173,9.901,18.4414,37.152
2012-12-24,16.0286,9.8911,18.4969,37.1466
2012-12-25,16.0286,9.8911,18.4969,37.1466
2012-12-26,16.0363,9.9122,18.5398,37.1691
2012-12-27,16.0405,9.9109,18.5568,37.1745
2012-12-28,16.0441,9.8753,18.5422,37.1138
2012-12-29,16.0441,9.8753,18.5422,37.1138
2012-12-30,16.0441,9.8753,18.5422,37.1138
2012-12-31,16.056,9.9568,18.617,37.1862
2013-01-01,16.0606,9.901,18.637,37.1962
2013-01-02,16.0651,9.904,18.6562,37.2065
2013-01-03,16.0687,9.8993,18.6696,37.2068
2013-01-04,16.0736,9.8749,18.6646,37.1596
2013-01-05,16.0736,9.8749,18.6646,37.1596
2013-01-06,16.0736,9.8749,18.6646,37.1596
2013-01-07,16.0851,9.9535,18.7355,37.2285
2013-01-08,16.0888,9.8917,18.7497,37.2296
2013-01-09,16.0923,9.8871,18.7615,37.229
2013-01-10,16.0958,9.8832,18.7733,37.2273
2013-01-11,16.1007,9.8611,18.7683,37.1778
2013-01-12,16.1007,9.8611,18.7683,37.1778
2013-01-13,16.1007,9.8611,18.7683,37.1778
2013-01-14,16.1121,9.9389,18.8392,37.2446
2013-01-15,16.1164,9.882,18.8578,37.2508
2013-01-16,16.1208,9.8843,18.8779,37.2579
2013-01-17,16.1248,9.8846,18.8934,37.2604
2013-01-18,16.1282,9.8487,18.8755,37.1924
2013-01-19,16.1282,9.8487,18.8755,37.1924
2013-01-20,16.1282,9.8487,18.8755,37.1924
2013-01-21,16.1388,9.9209,18.9388,37.2487
2013-01-22,16.1422,9.8572,18.9489,37.2449
2013-01-23,16.1453,9.8492,18.9569,37.2386
2013-01-24,16.1491,9.7973,18.9261,37.138
2013-01-25,16.1491,9.7973,18.9261,37.138
2013-01-26,16.1491,9.7973,18.9261,37.138
2013-01-27,16.1491,9.7973,18.9261,37.138
2013-01-28,16.1634,9.8945,19.0174,37.2268
2013-01-29,16.1677,9.8379,19.0351,37.2296
2013-01-30,16.1697,9.8231,19.0366,37.2139
2013-01-31,16.1713,9.7893,19.0344,37.1937
2013-02-01,16.1743,9.7478,19.0162,37.1226
2013-02-02,16.1743,9.7478,19.0162,37.1226
2013-02-03,16.1743,9.7478,19.0162,37.1226
2013-02-04,16.1834,9.8095,19.0691,37.1684
2013-02-05,16.1855,9.7374,19.0714,37.156
2013-02-06,16.1892,9.7342,19.0846,37.1571
2013-02-07,16.1927,9.7341,19.0972,37.1577
2013-02-08,16.196,9.7074,19.0812,37.0951
2013-02-09,16.196,9.7074,19.0812,37.0951
2013-02-10,16.196,9.7074,19.0812,37.0951
2013-02-11,16.2067,9.7799,19.1468,37.1555
2013-02-12,16.2095,9.7127,19.1542,37.149
2013-02-13,16.2115,9.6987,19.1558,37.1357
2013-02-14,16.2126,9.678,19.1498,37.1126
2013-02-15,16.2152,9.6481,19.1296,37.0441
2013-02-16,16.2152,9.6481,19.1296,37.0441
2013-02-17,16.2152,9.6481,19.1296,37.0441
2013-02-18,16.2271,9.7286,19.1898,37.0903
2013-02-19,16.2271,9.7286,19.1898,37.0903
2013-02-20,16.2344,9.6697,19.2303,37.1195
2013-02-21,16.2381,9.6628,19.2444,37.1172
2013-02-22,16.2423,9.6349,19.2349,37.0543
2013-02-23,16.2423,9.6349,19.2349,37.0543
2013-02-24,16.2423,9.6349,19.2349,37.0543
2013-02-25,16.2534,9.7098,19.3068,37.1167
2013-02-26,16.2559,9.649,19.312,37.1065
2013-02-27,16.2594,9.6534,19.3245,37.106
2013-02-28,16.2628,9.6578,19.3372,37.1046
2013-03-01,16.267,9.6314,19.3278,37.0487
2013-03-02,16.267,9.6314,19.3278,37.0487
2013-03-03,16.267,9.6314,19.3278,37.0487
2013-03-04,16.2786,9.7096,19.3997,37.1176
2013-03-05,16.2834,9.6518,19.4218,37.158
2013-03-06,16.2881,9.6561,19.4422,37.141
2013-03-07,16.2929,9.6582,19.4643,37.1514
2013-03-08,16.2964,9.6234,19.4488,37.0943
2013-03-09,16.2964,9.6234,19.4488,37.0943
2013-03-10,16.2964,9.6234,19.4488,37.0943
2013-03-11,16.3079,9.7008,19.5182,37.1622
2013-03-12,16.3122,9.6397,19.5348,37.1695
2013-03-13,16.3171,9.6469,19.5558,37.1796
2013-03-14,16.3261,9.6698,19.6069,37.2241
2013-03-15,16.3298,9.6387,19.5893,37.1584
2013-03-16,16.3298,9.6387,19.5893,37.1584
2013-03-17,16.3298,9.6387,19.5893,37.1584
2013-03-18,16.3421,9.7212,19.6645,37.2294
2013-03-19,16.3465,9.6595,19.6818,37.2341
2013-03-20,16.3526,9.6695,19.7116,37.2542
2013-03-21,16.3595,9.6805,19.7463,37.2798
2013-03-22,16.3646,9.6845,19.7389,37.2259
2013-03-23,16.3646,9.6845,19.7389,37.2259
2013-03-24,16.3646,9.6845,19.7389,37.2259
2013-03-25,16.3745,9.7509,19.7956,37.2778
2013-03-26,16.3751,9.5999,19.7684,37.2196
2013-03-27,16.3751,9.5999,19.7684,37.2196
2013-03-28,16.386,9.5804,19.7658,37.1477
2013-03-29,16.386,9.5804,19.7658,37.1477
2013-03-30,16.386,9.5804,19.7658,37.1477
2013-03-31,16.386,9.5804,19.7658,37.1477
2013-04-01,16.386,9.5804,19.7658,37.1477
2013-04-02,16.4242,9.8359,20.0284,37.4376
2013-04-03,16.4286,9.701,20.0438,37.4433
2013-04-04,16.4355,9.6702,20.0785,37.4711
2013-04-05,16.4373,9.6822,20.046,37.3954
2013-04-06,16.4373,9.6822,20.046,37.3954
2013-04-07,16.4373,9.6822,20.046,37.3954
2013-04-08,16.4464,9.7429,20.0976,37.4416
2013-04-09,16.448,9.6,20.0943,37.4274
2013-04-10,16.4525,9.5511,20.0965,37.4065
2013-04-11,16.4525,9.5511,20.0965,37.4065
2013-04-12,16.4628,9.5541,20.1243,37.4041
2013-04-13,16.4628,9.5541,20.1243,37.4041
2013-04-14,16.4628,9.5541,20.1243,37.4041
2013-04-15,16.4771,9.6492,20.2129,37.4948
2013-04-16,16.4842,9.6075,20.2489,37.5253
2013-04-17,16.4849,9.5728,20.2382,37.5312
2013-04-18,16.4939,9.538,20.2425,37.4583
2013-04-19,16.4939,9.538,20.2425,37.4583
2013-04-20,16.4939,9.538,20.2425,37.4583
2013-04-21,16.4939,9.538,20.2425,37.4583
2013-04-22,16.5069,9.6243,20.3215,37.5369
2013-04-23,16.5126,9.5516,20.3323,37.5236
2013-04-24,16.5126,9.5516,20.3323,37.5236
2013-04-25,16.5264,9.6133,20.4171,37.6088
2013-04-26,16.5295,9.5772,20.3905,37.5418
2013-04-27,16.5295,9.5772,20.3905,37.5418
2013-04-28,16.5295,9.5772,20.3905,37.5418
2013-04-29,16.5415,9.6567,20.4621,37.6119
2013-04-30,16.5461,9.5979,20.4641,37.5884
2013-05-01,16.5461,9.5979,20.4641,37.5884
2013-05-02,16.5628,9.6504,20.5698,37.6952
2013-05-03,16.5596,9.5545,20.4983,37.5736
2013-05-04,16.5596,9.5545,20.4983,37.5736
2013-05-05,16.5596,9.5545,20.4983,37.5736
2013-05-06,16.5819,9.702,20.6448,37.7269
2013-05-07,16.5844,9.6344,20.6472,37.7167
2013-05-08,16.594,9.6703,20.7012,37.7644
2013-05-09,16.6079,9.7339,20.7865,37.8478
2013-05-10,16.6169,9.731,20.8045,37.8252
2013-05-11,16.6169,9.731,20.8045,37.8252
2013-05-12,16.6169,9.731,20.8045,37.8252
2013-05-13,16.6268,9.7964,20.8598,37.8765
2013-05-14,16.6388,9.7872,20.9312,37.944
2013-05-15,16.6519,9.8447,21.0106,38.0205
2013-05-16,16.6539,9.8281,21.0093,38.0062
2013-05-17,16.667,9.8566,21.057,38.0198
2013-05-18,16.667,9.8566,21.057,38.0198
2013-05-19,16.667,9.8566,21.057,38.0198
2013-05-20,16.677,9.9225,21.1129,38.0695
2013-05-21,16.6822,9.8662,21.1348,38.0828
2013-05-22,16.6839,9.8492,21.1304,38.0649
2013-05-23,16.6844,9.8193,21.1182,38.037
2013-05-24,16.6879,9.7794,21.0935,37.9701
2013-05-25,16.6879,9.7794,21.0935,37.9701
2013-05-26,16.6879,9.7794,21.0935,37.9701
2013-05-27,16.698,9.8459,21.1501,38.0217
2013-05-28,16.7009,9.7768,21.1545,38.0137
2013-05-29,16.7021,9.7544,21.1465,37.9917
2013-05-30,16.7049,9.7425,21.1501,37.9829
2013-05-31,16.7074,9.6869,21.1076,37.9101
2013-06-01,16.7074,9.6869,21.1076,37.9101
2013-06-02,16.7074,9.6869,21.1076,37.9101
2013-06-03,16.7185,9.7598,21.1696,37.971
2013-06-04,16.7229,9.6958,21.1831,37.9754
2013-06-05,16.7273,9.6958,21.1965,37.981
2013-06-06,16.7312,9.6862,21.2063,37.9813
2013-06-07,16.7342,9.6447,21.1728,37.9105
2013-06-08,16.7342,9.6447,21.1728,37.9105
2013-06-09,16.7342,9.6447,21.1728,37.9105
2013-06-10,16.7433,9.7044,21.2211,37.9537
2013-06-11,16.7443,9.6161,21.2108,37.929
2013-06-12,16.7466,9.6003,21.2099,37.9184
2013-06-13,16.7498,9.5732,21.2155,37.9118
2013-06-14,16.7545,9.5531,21.1934,37.8517
2013-06-15,16.7545,9.5531,21.1934,37.8517
2013-06-16,16.7545,9.5531,21.1934,37.8517
2013-06-17,16.767,9.6348,21.2663,37.9217
2013-06-18,16.7749,9.6155,21.3041,37.9537
2013-06-19,16.78,9.623,21.3225,37.9628
2013-06-20,16.7748,9.5504,21.2665,37.8872
2013-06-21,16.779,9.5178,21.2443,37.822
2013-06-22,16.779,9.5178,21.2443,37.822
2013-06-23,16.779,9.5178,21.2443,37.822
2013-06-24,16.786,9.5635,21.2774,37.8455
2013-06-25,16.7889,9.4981,21.2808,37.8354
2013-06-26,16.792,9.4869,21.2857,37.8269
2013-06-27,16.7962,9.4807,21.2985,37.8285
2013-06-28,16.815,9.529,21.3624,37.8459
2013-06-29,16.815,9.529,21.3624,37.8459
2013-06-30,16.815,9.529,21.3624,37.8459
2013-07-01,16.815,9.529,21.3624,37.8459
2013-07-02,16.8244,9.5232,21.4302,37.897
2013-07-03,16.8209,9.4754,21.405,37.8412
2013-07-04,16.8329,9.5044,21.4381,37.909
2013-07-05,16.8378,9.4622,21.4183,37.8509
2013-07-06,16.8378,9.4622,21.4183,37.8509
2013-07-07,16.8378,9.4622,21.4183,37.8509
2013-07-08,16.844,9.5025,21.4446,37.8678
2013-07-09,16.8465,9.4462,21.4626,37.8556
2013-07-10,16.8492,9.4402,21.4821,37.8427
2013-07-11,16.8511,9.4263,21.4424,37.8233
2013-07-12,16.8531,9.3846,21.4034,37.7349
2013-07-13,16.8531,9.3846,21.4034,37.7349
2013-07-14,16.8531,9.3846,21.4034,37.7349
2013-07-15,16.8616,9.4397,21.4471,37.7694
2013-07-16,16.7249,8.4722,20.4626,36.6179
2013-07-17,16.733,8.498,20.5209,36.6495
2013-07-18,16.7602,8.6469,20.6638,36.8358
2013-07-19,16.7635,8.6127,20.6328,36.7556
2013-07-20,16.7635,8.6127,20.6328,36.7556
2013-07-21,16.7635,8.6127,20.6328,36.7556
2013-07-22,16.7695,8.6516,20.6569,36.7688
2013-07-23,16.7419,8.3934,20.4583,36.5092
2013-07-24,16.7022,8.0993,20.1727,36.1511
2013-07-25,16.7142,8.1503,20.2521,36.2145
2013-07-26,16.7278,8.1858,20.298,36.2243
2013-07-27,16.7278,8.1858,20.298,36.2243
2013-07-28,16.7278,8.1858,20.298,36.2243
2013-07-29,16.744,8.2906,20.3981,36.3229
2013-07-30,16.7512,8.2601,20.4498,36.3494
2013-07-31,16.7584,8.2829,20.5016,36.3791
2013-08-01,16.7644,8.2909,20.4936,36.3946
2013-08-02,16.771,8.2761,20.4787,36.3463
2013-08-03,16.771,8.2761,20.4787,36.3463
2013-08-04,16.771,8.2761,20.4787,36.3463
2013-08-05,16.7855,8.3698,20.5621,36.4298
2013-08-06,16.7875,8.3009,20.5765,36.4117
2013-08-07,16.7928,8.305,20.6145,36.4204
2013-08-08,16.7977,8.2654,20.5571,36.3239
2013-08-09,16.7977,8.2654,20.5571,36.3239
2013-08-10,16.7977,8.2654,20.5571,36.3239
2013-08-11,16.7977,8.2654,20.5571,36.3239
2013-08-12,16.81,8.3447,20.6306,36.3895
2013-08-13,16.8124,8.2736,20.6479,36.3746
2013-08-14,16.8134,8.2522,20.5996,36.3131
2013-08-15,16.8134,8.2522,20.5996,36.3131
2013-08-16,16.8159,8.1868,20.5683,36.2306
2013-08-17,16.8159,8.1868,20.5683,36.2306
2013-08-18,16.8159,8.1868,20.5683,36.2306
2013-08-19,16.8221,8.2266,20.598,36.2466
2013-08-20,16.8209,8.2189,20.5894,36.2049
2013-08-21,16.8481,8.2845,20.7844,36.392
2013-08-22,16.8508,8.2748,20.7432,36.3819
2013-08-23,16.8577,8.2655,20.7329,36.3406
2013-08-24,16.8577,8.2655,20.7329,36.3406
2013-08-25,16.8577,8.2655,20.7329,36.3406
2013-08-26,16.8706,8.3484,20.8089,36.413
2013-08-27,16.8686,8.2563,20.7946,36.3648
2013-08-28,16.8573,8.1574,20.7137,36.2426
2013-08-29,16.8611,8.1561,20.683,36.2414
2013-08-30,16.867,8.137,20.6656,36.1933
2013-08-31,16.867,8.137,20.6656,36.1933
2013-09-01,16.867,8.137,20.6656,36.1933
2013-09-02,16.8842,8.2473,20.7679,36.3003
2013-09-03,16.8969,8.2475,20.8588,36.3709
2013-09-04,16.9158,8.3422,20.9939,36.4915
2013-09-05,16.9579,8.582,21.2396,36.7992
2013-09-06,16.957,8.522,21.1794,36.6574
2013-09-07,16.957,8.522,21.1794,36.6574
2013-09-08,16.957,8.522,21.1794,36.6574
2013-09-09,16.957,8.522,21.1794,36.6574
2013-09-10,16.9849,8.6241,21.3788,36.8481
2013-09-11,16.9904,8.6336,21.4181,36.8582
2013-09-12,16.9958,8.6403,21.3769,36.8686
2013-09-13,17.0004,8.6114,21.3465,36.8032
2013-09-14,17.0004,8.6114,21.3465,36.8032
2013-09-15,17.0004,8.6114,21.3465,36.8032
2013-09-16,17.0156,8.7085,21.4264,36.8903
2013-09-17,17.0205,8.6565,21.4613,36.8956
2013-09-18,17.0296,8.6903,21.5263,36.9335
2013-09-19,17.0504,8.8231,21.6183,37.0655
2013-09-20,17.0588,8.7989,21.614,37.0284
2013-09-21,17.0588,8.7989,21.614,37.0284
2013-09-22,17.0588,8.7989,21.614,37.0284
2013-09-23,17.0691,8.8646,21.6649,37.077
2013-09-24,17.0767,8.836,21.7191,37.1028
2013-09-25,17.0847,8.8634,21.7761,37.1329
2013-09-26,17.09,8.8708,21.7497,37.1413
2013-09-27,17.0954,8.8435,21.7188,37.0691
2013-09-28,17.0954,8.8435,21.7188,37.0691
2013-09-29,17.0954,8.8435,21.7188,37.0691
2013-09-30,17.1103,8.9384,21.8014,37.1512
2013-10-01,17.1165,8.9002,21.8456,37.1185
2013-10-02,17.1165,8.9002,21.8456,37.1185
2013-10-03,17.1276,8.9085,21.8569,37.1656
2013-10-04,17.1341,8.884,21.8347,37.0958
2013-10-05,17.1341,8.884,21.8347,37.0958
2013-10-06,17.1341,8.884,21.8347,37.0958
2013-10-07,17.1505,8.9882,21.9227,37.1886
2013-10-08,17.1768,9.0847,22.1097,37.3595
2013-10-09,17.1795,9.0762,22.1289,37.3327
2013-10-10,17.1835,9.076,22.0861,37.3186
2013-10-11,17.1867,9.0478,22.036,37.2148
2013-10-12,17.1867,9.0478,22.036,37.2148
2013-10-13,17.1867,9.0478,22.036,37.2148
2013-10-14,17.1994,9.1284,22.1028,37.2756
2013-10-15,17.1981,8.9971,22.0936,37.1788
2013-10-16,17.1981,8.9971,22.0936,37.1788
2013-10-17,17.2066,9.024,22.082,37.2039
2013-10-18,17.2106,9.003,22.0368,37.1079
2013-10-19,17.2106,9.003,22.0368,37.1079
2013-10-20,17.2106,9.003,22.0368,37.1079
2013-10-21,17.2229,9.0809,22.1006,37.1621
2013-10-22,17.2274,9.039,22.1325,37.1543
2013-10-23,17.2301,9.0306,22.1516,37.1332
2013-10-24,17.2334,9.0514,22.1023,37.1158
2013-10-25,17.2384,9.041,22.0668,37.0237
2013-10-26,17.2384,9.041,22.0668,37.0237
2013-10-27,17.2384,9.041,22.0668,37.0237
2013-10-28,17.2505,9.1175,22.1292,37.0795
2013-10-29,17.2623,9.0845,22.2127,37.1341
2013-10-30,17.2659,9.0832,22.2382,37.1213
2013-10-31,17.2732,9.11,22.2181,37.139
2013-11-01,17.2754,9.0763,22.1636,36.9965
2013-11-02,17.2754,9.0763,22.1636,36.9965
2013-11-03,17.2754,9.0763,22.1636,36.9965
2013-11-04,17.2754,9.0763,22.1636,36.9965
2013-11-05,17.29,9.0962,22.2669,37.0732
2013-11-06,17.2937,9.0948,22.293,37.0634
2013-11-07,17.2894,9.0367,22.1693,36.9902
2013-11-08,17.2919,9.0036,22.1154,36.8951
2013-11-09,17.2919,9.0036,22.1154,36.8951
2013-11-10,17.2919,9.0036,22.1154,36.8951
2013-11-11,17.3009,9.0604,22.1556,36.9305
2013-11-12,17.2982,8.9712,22.1366,36.8734
2013-11-13,17.3017,8.9933,22.1613,36.8654
2013-11-14,17.2974,8.8688,21.9922,36.6886
2013-11-15,17.2974,8.8688,21.9922,36.6886
2013-11-16,17.2974,8.8688,21.9922,36.6886
2013-11-17,17.2974,8.8688,21.9922,36.6886
2013-11-18,17.3133,8.9689,22.0803,36.7797
2013-11-19,17.3255,8.9702,22.1663,36.8404
2013-11-20,17.332,8.9754,22.2121,36.8528
2013-11-21,17.3315,8.9463,22.1406,36.81
2013-11-22,17.3345,8.911,22.0946,36.7193
2013-11-23,17.3345,8.911,22.0946,36.7193
2013-11-24,17.3345,8.911,22.0946,36.7193
2013-11-25,17.3505,9.0116,22.184,36.8109
2013-11-26,17.3573,8.979,22.2319,36.83
2013-11-27,17.3635,8.9933,22.2756,36.8444
2013-11-28,17.3697,9.0322,22.2521,36.8587
2013-11-29,17.375,8.9902,22.2197,36.8003
2013-11-30,17.375,8.9902,22.2197,36.8003
2013-12-01,17.375,8.9902,22.2197,36.8003
2013-12-02,17.3862,9.0605,22.2753,36.855
2013-12-03,17.3895,9.0039,22.2985,36.8476
2013-12-04,17.3971,9.0256,22.3519,36.8751
2013-12-05,17.4087,9.0743,22.363,36.933
2013-12-06,17.4117,9.0474,22.3144,36.8597
2013-12-07,17.4117,9.0474,22.3144,36.8597
2013-12-08,17.4117,9.0474,22.3144,36.8597
2013-12-09,17.4161,9.0749,22.3204,36.862
2013-12-10,17.4209,9.0374,22.3541,36.8675
2013-12-11,17.4234,9.0325,22.3717,36.8559
2013-12-12,17.4363,9.086,22.3832,36.925
2013-12-13,17.4293,8.9876,22.2551,36.7798
2013-12-14,17.4293,8.9876,22.2551,36.7798
2013-12-15,17.4293,8.9876,22.2551,36.7798
2013-12-16,17.4432,9.0745,22.3526,36.8609
2013-12-17,17.446,9.0116,22.3723,36.855
2013-12-18,17.4511,9.021,22.408,36.8671
2013-12-19,17.4564,9.0344,22.3208,36.8807
2013-12-20,17.4627,9.024,22.2724,36.8325
2013-12-21,17.4627,9.024,22.2724,36.8325
2013-12-22,17.4627,9.024,22.2724,36.8325
2013-12-23,17.4727,9.0864,22.3133,36.8765
2013-12-24,17.478,9.0426,22.3504,36.8559
2013-12-25,17.478,9.0426,22.3504,36.8559
2013-12-26,17.4878,9.0513,22.3385,36.8983
2013-12-27,17.4897,9.0102,22.2671,36.7237
2013-12-28,17.4897,9.0102,22.2671,36.7237
2013-12-29,17.4897,9.0102,22.2671,36.7237
2013-12-30,17.4987,9.0663,22.3018,36.7609
2013-12-31,17.5056,9.0284,22.35,36.7775
2014-01-01,17.5158,9.0607,22.4213,36.8208
2014-01-02,17.5209,9.0619,22.3715,36.8243
2014-01-03,17.5255,9.0328,22.3173,36.7534
2014-01-04,17.5255,9.0328,22.3173,36.7534
2014-01-05,17.5255,9.0328,22.3173,36.7534
2014-01-06,17.5379,9.11,22.3757,36.8128
2014-01-07,17.5387,9.0369,22.3812,36.7828
2014-01-08,17.5371,9.0019,22.3701,36.733
2014-01-09,17.5363,8.9732,22.2792,36.6905
2014-01-10,17.5435,8.9611,22.2458,36.638
2014-01-11,17.5435,8.9611,22.2458,36.638
2014-01-12,17.5435,8.9611,22.2458,36.638
2014-01-13,17.5565,8.9647,22.3083,36.6722
2014-01-14,17.5565,8.9647,22.3083,36.6722
2014-01-15,17.5663,8.9964,22.3766,36.7166
2014-01-16,17.5703,8.9915,22.3201,36.7147
2014-01-17,17.5731,8.9588,22.2604,36.6355
2014-01-18,17.5731,8.9588,22.2604,36.6355
2014-01-19,17.5731,8.9588,22.2604,36.6355
2014-01-20,17.5848,9.0314,22.3137,36.6903
2014-01-21,17.5942,9.018,22.3791,36.7294
2014-01-22,17.5959,9.0056,22.3909,36.7075
2014-01-23,17.6008,9.015,22.3416,36.7106
2014-01-24,17.6044,9.0116,22.2825,36.6356
2014-01-25,17.6044,9.0116,22.2825,36.6356
2014-01-26,17.6044,9.0116,22.2825,36.6356
2014-01-27,17.6133,9.0668,22.3154,36.6696
2014-01-28,17.6065,8.9282,22.2682,36.584
2014-01-29,17.6085,8.9116,22.2821,36.5667
2014-01-30,17.605,8.8765,22.1721,36.5067
2014-01-31,17.6061,8.8523,22.0942,36.4158
2014-02-01,17.6061,8.8523,22.0942,36.4158
2014-02-02,17.6061,8.8523,22.0942,36.4158
2014-02-03,17.6181,8.9265,22.1486,36.475
2014-02-04,17.6252,8.9091,22.1978,36.4972
2014-02-05,17.6309,8.9302,22.2373,36.5086
2014-02-06,17.6396,8.9591,22.2121,36.5432
2014-02-07,17.6409,8.9213,22.1322,36.4581
2014-02-08,17.6409,8.9213,22.1322,36.4581
2014-02-09,17.6409,8.9213,22.1322,36.4581
2014-02-10,17.6522,8.9911,22.1808,36.5139
2014-02-11,17.6547,8.9346,22.1982,36.5015
2014-02-12,17.6574,8.9324,22.2168,36.4918
2014-02-13,17.6568,8.9153,22.1282,36.4555
2014-02-14,17.6604,8.9126,22.0669,36.3927
2014-02-15,17.6604,8.9126,22.0669,36.3927
2014-02-16,17.6604,8.9126,22.0669,36.3927
2014-02-17,17.6721,8.9848,22.1199,36.4536
2014-02-18,17.678,8.9412,22.1607,36.437
2014-02-19,17.678,8.9412,22.1607,36.437
2014-02-20,17.6869,8.9471,22.1395,36.474
2014-02-21,17.6917,8.9236,22.0867,36.4311
2014-02-22,17.6917,8.9236,22.0867,36.4311
2014-02-23,17.6917,8.9236,22.0867,36.4311
2014-02-24,17.7027,8.9913,22.1356,36.4885
2014-02-25,17.7074,8.9458,22.168,36.4964
2014-02-26,17.7119,8.9333,22.119,36.4742
2014-02-27,17.7119,8.9333,22.119,36.4742
2014-02-28,17.7199,8.9316,26.4488,36.4539
2014-03-01,17.7199,8.9316,26.4488,36.4539
2014-03-02,17.7199,8.9316,26.4488,36.4539
2014-03-03,17.7282,8.9826,26.4782,36.4915
2014-03-04,17.7252,8.8865,26.4568,36.4432
2014-03-05,17.7402,8.9465,26.5638,36.5334
2014-03-06,17.7432,8.9335,26.4977,36.5313
2014-03-07,17.7544,8.9468,31.1585,36.5429
2014-03-08,17.7544,8.9468,31.1585,36.5429
2014-03-09,17.7544,8.9468,31.1585,36.5429
2014-03-10,17.769,9.0364,31.2344,36.63
2014-03-11,17.7777,9.0128,31.2986,36.6716
2014-03-12,17.7821,9.011,31.3311,36.6802
2014-03-13,17.7875,9.0114,31.2769,36.6976
2014-03-14,17.7938,8.9652,31.1976,36.6462
2014-03-15,17.7938,8.9652,31.1976,36.6462
2014-03-16,17.7938,8.9652,31.1976,36.6462
2014-03-17,17.7938,8.9652,31.1976,36.6462
2014-03-18,17.8125,8.9976,31.3354,36.7678
2014-03-19,17.8174,8.9983,31.3716,36.7729
2014-03-20,17.8262,9.0114,31.3415,36.8184
2014-03-21,17.8357,8.9895,31.3119,36.8199
2014-03-22,17.8357,8.9895,31.3119,36.8199
2014-03-23,17.8357,8.9895,31.3119,36.8199
2014-03-24,17.8521,9.0897,31.3939,36.9205
2014-03-25,17.8538,9.0342,31.4064,36.9062
2014-03-26,17.8565,9.0467,31.4263,36.9007
2014-03-27,17.8616,9.0778,31.3614,36.9125
2014-03-28,17.8805,9.1206,31.3169,36.9251
2014-03-29,17.8805,9.1206,31.3169,36.9251
2014-03-30,17.8805,9.1206,31.3169,36.9251
2014-03-31,17.8805,9.1206,31.3169,36.9251
2014-04-01,17.8805,9.1206,31.3169,36.9251
2014-04-02,17.898,8.9733,31.4454,37.0339
2014-04-03,17.9021,8.9691,31.3713,37.0401
2014-04-04,17.9078,8.9461,31.3091,37.0166
2014-04-05,17.9078,8.9461,31.3091,37.0166
2014-04-06,17.9078,8.9461,31.3091,37.0166
2014-04-07,17.9201,8.9606,31.3646,37.0656
2014-04-08,17.9201,8.9606,31.3646,37.0656
2014-04-09,17.9276,8.9956,31.4196,37.1031
2014-04-10,17.9318,8.9913,31.3473,37.1153
2014-04-11,17.9358,8.9474,31.2305,37.062
2014-04-12,17.9358,8.9474,31.2305,37.062
2014-04-13,17.9358,8.9474,31.2305,37.062
2014-04-14,17.9358,8.9474,31.2305,37.062
2014-04-15,17.9518,8.95,31.3476,37.1612
2014-04-16,17.9565,8.9316,31.382,37.1762
2014-04-17,17.9616,8.8984,31.186,37.1292
2014-04-18,17.9616,8.8984,31.186,37.1292
2014-04-19,17.9616,8.8984,31.186,37.1292
2014-04-20,17.9616,8.8984,31.186,37.1292
2014-04-21,17.9769,8.9912,31.2978,37.223
2014-04-22,17.9801,8.9248,31.3212,37.2254
2014-04-23,17.9843,8.9126,31.2071,37.2125
2014-04-24,17.9843,8.9126,31.2071,37.2125
2014-04-25,17.9929,8.8533,31.1646,37.2079
2014-04-26,17.9929,8.8533,31.1646,37.2079
2014-04-27,17.9929,8.8533,31.1646,37.2079
2014-04-28,18.0043,8.9222,31.2095,37.2687
2014-04-29,18.0083,8.8674,31.2386,37.2741
2014-04-30,18.0124,8.8619,31.1624,37.2541
2014-05-01,18.0124,8.8619,31.1624,37.2541
2014-05-02,18.0207,8.8233,31.1235,37.2462
2014-05-03,18.0207,8.8233,31.1235,37.2462
2014-05-04,18.0207,8.8233,31.1235,37.2462
2014-05-05,18.0329,8.897,31.177,37.3213
2014-05-06,18.0371,8.7758,31.2075,37.3314
2014-05-07,18.0412,8.7842,31.2374,37.3417
2014-05-08,18.0464,8.7526,31.1788,37.3614
2014-05-09,18.0504,8.6268,31.1059,37.3291
2014-05-10,18.0504,8.6268,31.1059,37.3291
2014-05-11,18.0504,8.6268,31.1059,37.3291
2014-05-12,18.0626,8.7002,31.1583,37.4
2014-05-13,18.0666,8.5811,31.1874,37.3875
2014-05-14,18.0666,8.5811,31.1874,37.3875
2014-05-15,18.0751,8.5468,31.1481,37.4302
2014-05-16,18.0799,8.4772,31.0793,37.4061
2014-05-17,18.0799,8.4772,31.0793,37.4061
2014-05-18,18.0799,8.4772,31.0793,37.4061
2014-05-19,18.0929,8.5552,31.1393,37.4851
2014-05-20,18.0984,8.5231,31.1792,37.5081
2014-05-21,18.1037,8.5211,31.2176,37.5285
2014-05-22,18.1089,8.5412,31.1555,37.5481
2014-05-23,18.1144,8.5481,31.0615,37.5325
2014-05-24,18.1144,8.5481,31.0615,37.5325
2014-05-25,18.1144,8.5481,31.0615,37.5325
2014-05-26,18.1274,8.626,31.1214,37.6113
2014-05-27,18.1309,8.5813,31.1467,37.618
2014-05-28,18.1339,8.5804,31.1684,37.622
2014-05-29,18.1392,8.6043,31.1053,37.6445
2014-05-30,18.1482,8.6237,31.0623,37.6543
2014-05-31,18.1482,8.6237,31.0623,37.6543
2014-06-01,18.1482,8.6237,31.0623,37.6543
2014-06-02,18.1592,8.6896,31.1029,37.7158
2014-06-03,18.1678,8.6688,31.165,37.759
2014-06-04,18.1786,8.7048,31.243,37.819
2014-06-05,18.186,8.7205,31.2008,37.8531
2014-06-06,18.1914,8.7079,31.1442,37.8293
2014-06-07,18.1914,8.7079,31.1442,37.8293
2014-06-08,18.1914,8.7079,31.1442,37.8293
2014-06-09,18.2021,8.7719,31.1891,37.8884
2014-06-10,18.2067,8.7402,31.2223,37.9013
2014-06-11,18.2118,8.7642,31.2591,37.9201
2014-06-12,18.2169,8.7797,31.2003,37.9389
2014-06-13,18.2206,8.7505,31.1316,37.9074
2014-06-14,18.2206,8.7505,31.1316,37.9074
2014-06-15,18.2206,8.7505,31.1316,37.9074
2014-06-16,18.2287,8.7988,31.1512,37.9478
2014-06-17,18.2316,8.735,31.172,37.951
2014-06-18,18.2378,8.7208,31.2166,37.9801
2014-06-19,18.2406,8.7044,31.1481,37.9825
2014-06-20,18.2438,8.73,31.0703,37.9493
2014-06-21,18.2438,8.73,31.0703,37.9493
2014-06-22,18.2438,8.73,31.0703,37.9493
2014-06-23,18.2537,8.789,31.1084,38.0033
2014-06-24,18.2567,8.7615,31.13,38.0051
2014-06-25,18.2599,8.7617,31.1529,38.0095
2014-06-26,18.2678,8.7887,31.1127,38.0483
2014-06-27,18.273,8.6708,31.0437,38.0261
2014-06-28,18.273,8.6708,31.0437,38.0261
2014-06-29,18.273,8.6708,31.0437,38.0261
2014-06-30,18.2866,8.7517,31.1121,38.0892
2014-07-01,18.2866,8.7517,31.1121,38.0892
2014-07-02,18.2996,8.7682,31.2053,38.1686
2014-07-03,18.3052,8.8241,31.1467,38.1921
2014-07-04,18.3096,8.741,31.0872,38.1784
2014-07-05,18.3096,8.741,31.0872,38.1784
2014-07-06,18.3096,8.741,31.0872,38.1784
2014-07-07,18.3216,8.8123,31.1402,38.2533
2014-07-08,18.3242,8.7877,31.1588,38.2562
2014-07-09,18.3266,8.7858,31.176,38.2587
2014-07-10,18.3281,8.7773,31.0882,38.2533
2014-07-11,18.3112,8.6518,30.8607,38.0769
2014-07-12,18.3112,8.6518,30.8607,38.0769
2014-07-13,18.3112,8.6518,30.8607,38.0769
2014-07-14,18.3191,8.6987,30.8741,38.1198
2014-07-15,18.3267,8.689,30.9284,38.1604
2014-07-16,18.3333,9.6168,30.9755,38.1914
2014-07-17,18.3409,9.6092,30.9297,38.2289
2014-07-18,18.3458,9.439,30.8769,38.2096
2014-07-19,18.3458,9.439,30.8769,38.2096
2014-07-20,18.3458,9.439,30.8769,38.2096
2014-07-21,18.3581,9.5123,30.9263,38.2835
2014-07-22,18.3638,9.5071,30.967,38.3077
2014-07-23,18.3683,9.7145,30.9991,38.3228
2014-07-24,18.3729,10.0029,30.9367,38.3387
2014-07-25,18.3772,9.8602,30.8768,38.3148
2014-07-26,18.3772,9.8602,30.8768,38.3148
2014-07-27,18.3772,9.8602,30.8768,38.3148
2014-07-28,18.3884,9.8208,30.924,38.3616
2014-07-29,18.3884,9.8208,30.924,38.3616
2014-07-30,18.3969,9.8244,30.9845,38.4058
2014-07-31,18.4003,9.7975,30.908,38.4126
2014-08-01,18.4024,9.7275,30.8234,38.3722
2014-08-02,18.4024,9.7275,30.8234,38.3722
2014-08-03,18.4024,9.7275,30.8234,38.3722
2014-08-04,18.4166,9.8122,30.8824,38.4603
2014-08-05,18.42,9.7376,30.9066,38.4671
2014-08-06,18.42,9.7245,30.9066,38.4473
2014-08-07,18.4235,9.7107,30.8162,38.4559
2014-08-08,18.4268,9.6984,30.7422,38.4256
2014-08-09,18.4268,9.6984,30.7422,38.4256
2014-08-10,18.4268,9.6984,30.7422,38.4256
2014-08-11,18.4391,9.7716,30.8016,38.4993
2014-08-12,18.4443,9.7222,30.8385,38.5206
2014-08-13,18.4487,9.7327,30.8697,38.535
2014-08-14,18.4525,9.7325,30.6742,38.4699
2014-08-15,18.4525,9.7325,30.6742,38.4699
2014-08-16,18.4525,9.7325,30.6742,38.4699
2014-08-17,18.4525,9.7325,30.6742,38.4699
2014-08-18,18.4525,9.7325,30.6742,38.4699
2014-08-19,18.4737,9.818,30.8243,38.6103
2014-08-20,18.477,9.8455,30.8477,38.6153
2014-08-21,18.4821,9.6984,30.7736,38.6348
2014-08-22,18.4891,9.6775,30.7241,38.6322
2014-08-23,18.4891,9.6775,30.7241,38.6322
2014-08-24,18.4891,9.6775,30.7241,38.6322
2014-08-25,18.5028,9.7587,30.7914,38.7162
2014-08-26,18.5086,9.7092,30.8324,38.743
2014-08-27,18.5142,9.7554,30.872,38.7673
2014-08-28,18.5158,9.7753,30.7631,38.7086
2014-08-29,18.5158,9.7753,30.7631,38.7086
2014-08-30,18.5158,9.7753,30.7631,38.7086
2014-08-31,18.5158,9.7753,30.7631,38.7086
2014-09-01,18.5327,9.8755,30.7837,38.8176
2014-09-02,18.5373,9.7908,30.8161,38.8343
2014-09-03,18.5424,9.7385,30.8521,38.8538
2014-09-04,18.5465,9.6401,30.7823,38.8668
2014-09-05,18.5505,9.3973,30.7091,38.8438
2014-09-06,18.5505,9.3973,30.7091,38.8438
2014-09-07,18.5505,9.3973,30.7091,38.8438
2014-09-08,18.5624,9.4675,30.7616,38.9141
2014-09-09,18.5666,9.4922,30.7912,38.9279
2014-09-10,18.5701,9.333,30.8159,38.9364
2014-09-11,18.5738,9.3194,30.7443,38.9464
2014-09-12,18.5783,9.2815,30.6803,38.926
2014-09-13,18.5783,9.2815,30.6803,38.926
2014-09-14,18.5783,9.2815,30.6803,38.926
2014-09-15,18.5926,9.3657,30.7487,39.0153
2014-09-16,18.5966,9.2915,30.7769,39.0275
2014-09-17,18.602,9.2917,30.8148,39.0502
2014-09-18,18.6077,9.2668,30.762,39.0752
2014-09-19,18.6133,9.1126,30.704,39.064
2014-09-20,18.6133,9.1126,30.704,39.064
2014-09-21,18.6133,9.1126,30.704,39.064
2014-09-22,18.6253,9.1829,30.7562,39.1401
2014-09-23,18.6306,9.1481,30.7934,39.1673
2014-09-24,18.635,9.1253,30.8243,39.1856
2014-09-25,18.639,9.0976,30.755,39.1999
2014-09-26,18.6438,9.0574,30.6833,39.19
2014-09-27,18.6438,9.0574,30.6833,39.19
2014-09-28,18.6438,9.0574,30.6833,39.19
2014-09-29,18.656,9.1288,30.7358,39.2644
2014-09-30,18.663,9.0747,30.7849,39.3
2014-10-01,18.6687,8.9564,30.5978,39.2449
2014-10-02,18.6687,8.9564,30.5978,39.2449
2014-10-03,18.6687,8.9564,30.5978,39.2449
2014-10-04,18.6687,8.9564,30.5978,39.2449
2014-10-05,18.6687,8.9564,30.5978,39.2449
2014-10-06,18.6687,8.9564,30.5978,39.2449
2014-10-07,18.6956,9.0091,30.786,39.4299
2014-10-08,18.7037,8.8893,30.8427,39.4768
2014-10-09,18.7077,8.8955,30.7728,39.4931
2014-10-10,18.7131,8.8813,30.7128,39.4876
2014-10-11,18.7131,8.8813,30.7128,39.4876
2014-10-12,18.7131,8.8813,30.7128,39.4876
2014-10-13,18.7279,8.9674,30.7842,39.5823
2014-10-14,18.735,8.9365,30.8337,39.603
2014-10-15,18.735,8.9365,30.8337,39.603
2014-10-16,18.7488,9.0167,30.8333,39.6892
2014-10-17,18.7543,8.9695,30.7722,39.6812
2014-10-18,18.7543,8.9695,30.7722,39.6812
2014-10-19,18.7543,8.9695,30.7722,39.6812
2014-10-20,18.7688,9.0537,30.8414,39.7736
2014-10-21,18.7767,9.0217,30.8964,39.8168
2014-10-22,18.783,8.9602,30.8099,39.7867
2014-10-23,18.783,8.9602,30.8099,39.7867
2014-10-24,18.783,8.9602,30.8099,39.7867
2014-10-25,18.783,8.9602,30.8099,39.7867
2014-10-26,18.783,8.9602,30.8099,39.7867
2014-10-27,18.8046,9.0855,30.8647,39.9308
2014-10-28,18.8097,9.0386,30.9002,39.9531
2014-10-29,18.8157,8.9988,30.9419,39.9811
2014-10-30,18.8209,9.0062,30.8816,40.0031
2014-10-31,18.8295,8.996,30.8404,40.0161
2014-11-01,18.8295,8.996,30.8404,40.0161
2014-11-02,18.8295,8.996,30.8404,40.0161
2014-11-03,18.8461,9.0921,30.9202,40.1072
2014-11-04,18.8461,9.0921,30.9202,40.1072
2014-11-05,18.8618,9.0675,31.0293,40.1927
2014-11-06,18.8618,9.0675,31.0293,40.1927
2014-11-07,18.8716,9.1355,30.9346,40.2176
2014-11-08,18.8716,9.1355,30.9346,40.2176
2014-11-09,18.8716,9.1355,30.9346,40.2176
2014-11-10,18.8902,9.2431,30.9964,40.3391
2014-11-11,18.8948,9.2128,31.0283,40.3566
2014-11-12,18.8995,9.257,31.0609,40.3758
2014-11-13,18.9013,9.2453,30.9762,40.3736
2014-11-14,18.9052,9.295,30.9034,40.3587
2014-11-15,18.9052,9.295,30.9034,40.3587
2014-11-16,18.9052,9.295,30.9034,40.3587
2014-11-17,18.9203,9.3823,30.9753,40.4552
2014-11-18,18.9243,9.305,31.003,40.4693
2014-11-19,18.9279,9.2488,31.0279,40.4803
2014-11-20,18.9339,9.2424,30.9688,40.5092
2014-11-21,18.9384,9.2526,30.904,40.4957
2014-11-22,18.9384,9.2526,30.904,40.4957
2014-11-23,18.9384,9.2526,30.904,40.4957
2014-11-24,18.9493,9.3155,30.9467,40.5609
2014-11-25,18.9555,9.2505,30.9896,40.5913
2014-11-26,18.9591,9.2284,31.0144,40.6023
2014-11-27,18.9622,9.2072,30.9381,40.6107
2014-11-28,18.9685,9.1712,30.8795,40.6116
2014-11-29,18.9685,9.1712,30.8795,40.6116
2014-11-30,18.9685,9.1712,30.8795,40.6116
2014-12-01,18.9841,9.261,30.9537,40.7116
2014-12-02,18.9911,9.2309,31.002,40.7488
2014-12-03,18.9969,9.2435,31.042,40.7772
2014-12-04,19.0017,9.2234,30.9758,40.7982
2014-12-05,19.0046,9.1484,30.8947,40.7748
2014-12-06,19.0046,9.1484,30.8947,40.7748
2014-12-07,19.0046,9.1484,30.8947,40.7748
2014-12-08,19.0177,9.2237,30.9515,40.8562
2014-12-09,19.023,9.2265,30.988,40.8808
2014-12-10,19.0252,9.2091,31.0032,40.8815
2014-12-11,19.0276,9.2072,30.9206,40.8847
2014-12-12,19.0319,9.1949,30.8511,40.8706
2014-12-13,19.0319,9.1949,30.8511,40.8706
2014-12-14,19.0319,9.1949,30.8511,40.8706
2014-12-15,19.0436,9.262,30.8982,40.9426
2014-12-16,19.0359,9.1308,30.8453,40.871
2014-12-17,19.0369,9.119,30.8522,40.8628
2014-12-18,19.0427,9.1203,30.7932,40.8901
2014-12-19,19.0438,9.0542,30.7011,40.8534
2014-12-20,19.0438,9.0542,30.7011,40.8534
2014-12-21,19.0438,9.0542,30.7011,40.8534
2014-12-22,19.0559,9.1234,30.75,40.9272
2014-12-23,19.0577,9.0713,30.7624,40.9239
2014-12-24,19.0583,9.0417,30.6625,40.895
2014-12-25,19.0583,9.0417,30.6625,40.895
2014-12-26,19.0656,9.0104,30.6042,40.9
2014-12-27,19.0656,9.0104,30.6042,40.9
2014-12-28,19.0656,9.0104,30.6042,40.9
2014-12-29,19.0779,9.0808,30.6518,40.9742
2014-12-30,19.0832,9.055,30.6881,40.9967
2014-12-31,19.0896,9.0485,30.7319,41.0284
2015-01-01,19.0951,9.0164,30.6657,41.0523
2015-01-02,19.0994,8.9806,30.5933,41.0362
2015-01-03,19.0994,8.9806,30.5933,41.0362
2015-01-04,19.0994,8.9806,30.5933,41.0362
2015-01-05,19.1113,9.0485,30.6398,41.1074
2015-01-06,19.1135,8.984,30.6549,41.1069
2015-01-07,19.1189,9.0098,30.6918,41.1301
2015-01-08,19.1238,9.0477,30.6217,41.1507
2015-01-09,19.1275,9.029,30.548,41.128
2015-01-10,19.1275,9.029,30.548,41.128
2015-01-11,19.1275,9.029,30.548,41.128
2015-01-12,19.1409,9.1054,30.6056,41.2102
2015-01-13,19.1472,9.0605,30.6486,41.241
2015-01-14,19.1498,9.0753,30.6663,41.2446
2015-01-15,19.1651,9.1015,30.6682,41.3418
2015-01-16,19.1698,9.086,30.5996,41.3285
2015-01-17,19.1698,9.086,30.5996,41.3285
2015-01-18,19.1698,9.086,30.5996,41.3285
2015-01-19,19.1833,9.1629,30.6568,41.4114
2015-01-20,19.1845,9.0971,30.665,41.4025
2015-01-21,19.1878,9.0575,30.6875,41.4091
2015-01-22,19.1922,9.072,30.6143,41.4238
2015-01-23,19.1976,9.05,30.524,41.3927
2015-01-24,19.1976,9.05,30.524,41.3927
2015-01-25,19.1976,9.05,30.524,41.3927
2015-01-26,19.1976,9.05,30.524,41.3927
2015-01-27,19.2148,9.0926,30.6409,41.5028
2015-01-28,19.2188,9.1574,30.6681,41.5155
2015-01-29,19.2223,9.1649,30.5898,41.5246
2015-01-30,19.2263,9.2025,30.4947,41.5051
2015-01-31,19.2263,9.2025,30.4947,41.5051
2015-02-01,19.2263,9.2025,30.4947,41.5051
2015-02-02,19.2398,9.2792,30.5482,41.5888
2015-02-03,19.2396,9.2036,30.5468,41.5717
2015-02-04,19.242,9.1732,30.5631,41.5727
2015-02-05,19.2403,9.1283,30.4489,41.5446
2015-02-06,19.2445,9.0902,30.389,41.5276
2015-02-07,19.2445,9.0902,30.389,41.5276
2015-02-08,19.2445,9.0902,30.389,41.5276
2015-02-09,19.2519,9.1322,30.4073,41.5654
2015-02-10,19.2558,9.0844,30.4337,41.5784
2015-02-11,19.2565,9.0729,30.4385,41.568
2015-02-12,19.2571,9.0597,30.3401,41.5568
2015-02-13,19.2613,9.0649,30.3024,41.5398
2015-02-14,19.2613,9.0649,30.3024,41.5398
2015-02-15,19.2613,9.0649,30.3024,41.5398
2015-02-16,19.274,9.0646,30.3319,41.6019
2015-02-17,19.274,9.0646,30.3319,41.6019
2015-02-18,19.282,9.0734,30.386,41.6284
2015-02-19,19.282,9.0734,30.386,41.6284
2015-02-20,19.2911,9.0404,30.2441,41.6484
2015-02-21,19.2911,9.0404,30.2441,41.6484
2015-02-22,19.2911,9.0404,30.2441,41.6484
2015-02-23,19.3065,9.1274,30.3181,41.7449
2015-02-24,19.312,9.0907,30.3553,41.7696
2015-02-25,19.319,9.1013,30.4025,41.8096
2015-02-26,19.3242,9.1029,30.3452,41.8321
2015-02-27,19.3285,9.0779,30.3048,41.8168
2015-02-28,19.3285,9.0779,30.3048,41.8168
2015-03-01,19.3285,9.0779,30.3048,41.8168
2015-03-02,19.3408,9.1473,30.3473,41.8915
2015-03-03,19.3442,9.1154,30.3702,41.9008
2015-03-04,19.3555,9.1976,30.4464,41.9681
2015-03-05,19.3614,9.0513,30.3105,41.9478
2015-03-06,19.3614,9.0513,30.3105,41.9478
2015-03-07,19.3614,9.0513,30.3105,41.9478
2015-03-08,19.3614,9.0513,30.3105,41.9478
2015-03-09,19.3756,9.1313,30.3367,42.0353
2015-03-10,19.3776,9.0528,30.3502,42.0333
2015-03-11,19.3805,9.0158,30.3697,42.0368
2015-03-12,19.3846,9.0119,30.2904,42.0492
2015-03-13,19.3907,8.9745,30.2237,42.0408
2015-03-14,19.3907,8.9745,30.2237,42.0408
2015-03-15,19.3907,8.9745,30.2237,42.0408
2015-03-16,19.4044,9.0515,30.2816,42.1235
2015-03-17,19.4082,9.0728,30.3071,42.1336
2015-03-18,19.4124,8.9819,30.3353,42.1467
2015-03-19,19.4164,8.9744,30.2537,42.1582
2015-03-20,19.4212,8.8895,30.1715,42.1393
2015-03-21,19.4212,8.8895,30.1715,42.1393
2015-03-22,19.4212,8.8895,30.1715,42.1393
2015-03-23,19.4328,8.9545,30.2493,42.2065
2015-03-24,19.4352,8.8679,30.2654,42.2064
2015-03-25,19.4375,8.8704,30.2808,42.2045
2015-03-26,19.4426,8.8825,30.1736,42.223
2015-03-27,19.4486,8.7699,30.0875,42.2087
2015-03-28,19.4486,8.7699,30.0875,42.2087
2015-03-29,19.4486,8.7699,30.0875,42.2087
2015-03-30,19.4624,8.8471,30.1537,42.2898
2015-03-31,19.4961,8.8693,30.0928,42.4217
2015-04-01,19.4961,8.8693,30.0928,42.4217
2015-04-02,19.4961,8.8693,30.0928,42.4217
2015-04-03,19.4961,8.8693,30.0928,42.4217
2015-04-04,19.4961,8.8693,30.0928,42.4217
2015-04-05,19.4961,8.8693,30.0928,42.4217
2015-04-06,19.5248,9.0296,30.2843,42.6126
2015-04-07,19.529,8.9782,30.3124,42.6255
2015-04-08,19.5322,8.996,30.3337,42.6312
2015-04-09,19.5367,8.9755,30.1813,42.6463
2015-04-10,19.5423,8.9569,30.0834,42.632
2015-04-11,19.5423,8.9569,30.0834,42.632
2015-04-12,19.5423,8.9569,30.0834,42.632
2015-04-13,19.554,9.0222,30.1249,42.6799
2015-04-14,19.554,9.0222,30.1249,42.6799
2015-04-15,19.561,8.964,30.1715,42.7123
2015-04-16,19.5637,8.9505,30.0838,42.7132
2015-04-17,19.5677,8.9419,29.9834,42.6872
2015-04-18,19.5677,8.9419,29.9834,42.6872
2015-04-19,19.5677,8.9419,29.9834,42.6872
2015-04-20,19.5786,9.0025,30.0238,42.748
2015-04-21,19.5824,8.9309,30.0491,42.758
2015-04-22,19.5856,8.9293,30.0703,42.7626
2015-04-23,19.5899,8.9278,30.0013,42.7752
2015-04-24,19.5932,8.8941,29.9206,42.7431
2015-04-25,19.5932,8.8941,29.9206,42.7431
2015-04-26,19.5932,8.8941,29.9206,42.7431
2015-04-27,19.6052,8.9608,29.9666,42.8118
2015-04-28,19.6081,8.9079,29.9858,42.8131
2015-04-29,19.6111,8.9003,30.0057,42.8163
2015-04-30,19.6108,8.8237,29.7405,42.7195
2015-05-01,19.6108,8.8237,29.7405,42.7195
2015-05-02,19.6108,8.8237,29.7405,42.7195
2015-05-03,19.6108,8.8237,29.7405,42.7195
2015-05-04,19.6108,8.8237,29.7405,42.7195
2015-05-05,19.6294,8.8533,29.8636,42.8361
2015-05-06,19.6304,8.8335,29.8702,42.8247
2015-05-07,19.6305,8.8093,29.7713,42.8067
2015-05-08,19.6334,8.7699,29.685,42.7718
2015-05-09,19.6334,8.7699,29.685,42.7718
2015-05-10,19.6334,8.7699,29.685,42.7718
2015-05-11,19.6483,8.8524,29.7491,42.8614
2015-05-12,19.6547,8.8143,29.7914,42.8892
2015-05-13,19.6601,8.8201,29.8271,42.9088
2015-05-14,19.668,8.8639,29.7747,42.9475
2015-05-15,19.6735,8.8142,29.7074,42.9314
2015-05-16,19.6735,8.8142,29.7074,42.9314
2015-05-17,19.6735,8.8142,29.7074,42.9314
2015-05-18,19.6856,8.8811,29.753,43.0006
2015-05-19,19.6933,8.8455,29.8037,43.0378
2015-05-20,19.699,8.8439,29.8413,43.0594
2015-05-21,19.7125,8.8866,29.8233,43.1388
2015-05-22,19.716,8.8416,29.7302,43.107
2015-05-23,19.716,8.8416,29.7302,43.107
2015-05-24,19.716,8.8416,29.7302,43.107
2015-05-25,19.731,8.9244,29.7981,43.1951
2015-05-26,19.7374,8.8816,29.8402,43.2218
2015-05-27,19.7398,8.8738,29.856,43.2195
2015-05-28,19.7452,8.8856,29.7874,43.2389
2015-05-29,19.753,8.8428,29.7133,43.2321
2015-05-30,19.753,8.8428,29.7133,43.2321
2015-05-31,19.753,8.8428,29.7133,43.2321
2015-06-01,19.7798,8.9904,29.8577,43.4025
2015-06-02,19.7805,8.9283,29.8623,43.3837
2015-06-03,19.7862,8.9081,29.8997,43.4032
2015-06-04,19.7904,8.8665,29.8174,43.4118
2015-06-05,19.7961,8.8212,29.7441,43.3877
2015-06-06,19.7961,8.8212,29.7441,43.3877
2015-06-07,19.7961,8.8212,29.7441,43.3877
2015-06-08,19.8087,8.8905,29.7893,43.4581
2015-06-09,19.8122,8.8457,29.8122,43.4606
2015-06-10,19.8162,8.8402,29.8384,43.4688
2015-06-11,19.8188,8.8239,29.7432,43.4669
2015-06-12,19.8224,8.7911,29.6463,43.4296
2015-06-13,19.8224,8.7911,29.6463,43.4296
2015-06-14,19.8224,8.7911,29.6463,43.4296
2015-06-15,19.835,8.8603,29.6956,43.4979
2015-06-16,19.8393,8.8355,29.7237,43.5072
2015-06-17,19.8443,8.8456,29.7564,43.5226
2015-06-18,19.8514,8.8476,29.7189,43.5511
2015-06-19,19.8556,8.8348,29.6337,43.5172
2015-06-20,19.8556,8.8348,29.6337,43.5172
2015-06-21,19.8556,8.8348,29.6337,43.5172
2015-06-22,19.8702,8.9148,29.6943,43.6019
2015-06-23,19.8743,8.8782,29.721,43.6108
2015-06-24,19.8792,8.8871,29.753,43.6255
2015-06-25,19.8849,8.8993,29.6903,43.6459
2015-06-26,19.8891,8.8442,29.6019,43.6129
2015-06-27,19.8891,8.8442,29.6019,43.6129
2015-06-28,19.8891,8.8442,29.6019,43.6129
2015-06-29,19.8977,8.8913,29.609,43.6543
2015-06-30,19.906,8.8557,29.663,43.6935
2015-07-01,19.9154,8.9071,29.7243,43.7395
2015-07-02,19.9213,8.8619,29.6833,43.7821
2015-07-03,19.9283,8.8407,29.6065,43.7486
2015-07-04,19.9283,8.8407,29.6065,43.7486
2015-07-05,19.9283,8.8407,29.6065,43.7486
2015-07-06,19.9422,8.9166,29.6438,43.8271
2015-07-07,19.9483,8.8786,29.6835,43.8483
2015-07-08,19.9526,8.8866,29.7114,43.8575
2015-07-09,19.956,8.8909,29.6476,43.882
2015-07-10,19.9608,9.0087,29.5895,43.8326
2015-07-11,19.9608,9.0087,29.5895,43.8326
2015-07-12,19.9608,9.0087,29.5895,43.8326
2015-07-13,19.972,9.0699,29.6277,43.8926
2015-07-14,19.9781,9.0561,29.6673,43.9147
2015-07-15,19.9829,9.0371,29.6985,43.9286
2015-07-16,19.9888,9.03,29.6408,43.9711
2015-07-17,19.9942,8.9852,29.5767,43.925
2015-07-18,19.9942,8.9852,29.5767,43.925
2015-07-19,19.9942,8.9852,29.5767,43.925
2015-07-20,20.0066,9.0528,29.6251,43.9925
2015-07-21,20.013,9.0145,29.6666,44.0168
2015-07-22,20.0182,9.009,29.7003,44.0314
2015-07-23,20.0223,9.0046,29.6319,44.0609
2015-07-24,20.0279,8.9823,29.56,44.0742
2015-07-25,20.0279,8.9823,29.56,44.0742
2015-07-26,20.0279,8.9823,29.56,44.0742
2015-07-27,20.0418,9.058,29.6189,44.1504
2015-07-28,20.0514,9.0437,29.681,44.1997
2015-07-29,20.0588,9.084,29.7288,44.2332
2015-07-30,20.0641,9.0624,29.6708,44.2713
2015-07-31,20.0688,9.0553,29.6015,44.2201
2015-08-01,20.0688,9.0553,29.6015,44.2201
2015-08-02,20.0688,9.0553,29.6015,44.2201
2015-08-03,20.085,9.1434,29.6718,44.3054
2015-08-04,20.0894,9.0831,29.7002,44.3173
2015-08-05,20.0944,9.0901,29.7325,44.3283
2015-08-06,20.0952,9.0945,29.6398,44.3341
2015-08-07,20.097,9.064,29.5628,44.261
2015-08-08,20.097,9.064,29.5628,44.261
2015-08-09,20.097,9.064,29.5628,44.261
2015-08-10,20.1095,9.1318,29.6108,44.3414
2015-08-11,20.1141,9.084,29.6404,44.3589
2015-08-12,20.1177,9.0727,29.6636,44.3671
2015-08-13,20.1225,9.0727,29.591,44.4015
2015-08-14,20.1252,9.0649,29.51,44.337
2015-08-15,20.1252,9.0649,29.51,44.337
2015-08-16,20.1252,9.0649,29.51,44.337
2015-08-17,20.137,9.1288,29.5534,44.3802
2015-08-18,20.137,9.1288,29.5534,44.3802
2015-08-19,20.1449,9.0464,29.6042,44.4193
2015-08-20,20.1512,9.061,29.6447,44.4644
2015-08-21,20.1537,9.0031,29.4651,44.383
2015-08-22,20.1537,9.0031,29.4651,44.383
2015-08-23,20.1537,9.0031,29.4651,44.383
2015-08-24,20.1574,9.0232,29.4572,44.3857
2015-08-25,20.1622,8.9684,29.4881,44.3994
2015-08-26,20.1663,8.9564,29.5144,44.4091
2015-08-27,20.1718,8.9531,29.455,44.4485
2015-08-28,20.1757,8.9648,29.3845,44.3865
2015-08-29,20.1757,8.9648,29.3845,44.3865
2015-08-30,20.1757,8.9648,29.3845,44.3865
2015-08-31,20.1862,9.0215,29.417,44.4378
2015-09-01,20.1897,8.941,29.4394,44.436
2015-09-02,20.192,8.9263,29.4542,44.4277
2015-09-03,20.1948,8.9115,29.3751,44.4477
2015-09-04,20.197,8.8758,29.2873,44.3788
2015-09-05,20.197,8.8758,29.2873,44.3788
2015-09-06,20.197,8.8758,29.2873,44.3788
2015-09-07,20.2074,8.9318,29.324,44.4325
2015-09-08,20.2116,8.8846,29.3509,44.4377
2015-09-09,20.2149,8.8778,29.372,44.4613
2015-09-10,20.2121,8.8422,29.2631,44.4413
2015-09-11,20.2159,8.8146,29.1899,44.357
2015-09-12,20.2159,8.8146,29.1899,44.357
2015-09-13,20.2159,8.8146,29.1899,44.357
2015-09-14,20.2267,8.8727,29.2234,44.4011
2015-09-15,20.2302,8.8078,29.2458,44.4003
2015-09-16,20.2275,8.7383,29.1296,44.3471
2015-09-17,20.2275,8.7383,29.1296,44.3471
2015-09-18,20.2392,8.7352,29.1144,44.3389
2015-09-19,20.2392,8.7352,29.1144,44.3389
2015-09-20,20.2392,8.7352,29.1144,44.3389
2015-09-21,20.2519,8.8034,29.1641,44.4048
2015-09-22,20.2578,8.765,29.2017,44.42
2015-09-23,20.2608,8.7501,29.2209,44.4147
2015-09-24,20.2634,8.6871,29.0547,44.3293
2015-09-25,20.2634,8.6871,29.0547,44.3293
2015-09-26,20.2634,8.6871,29.0547,44.3293
2015-09-27,20.2634,8.6871,29.0547,44.3293
2015-09-28,20.2806,8.7793,29.1232,44.423
2015-09-29,20.3192,8.9151,29.3689,44.6721
2015-09-30,20.3316,8.9407,29.4479,44.7326
2015-10-01,20.338,8.9417,29.2754,44.67
2015-10-02,20.338,8.9417,29.2754,44.67
2015-10-03,20.338,8.9417,29.2754,44.67
2015-10-04,20.338,8.9417,29.2754,44.67
2015-10-05,20.3553,9.0344,29.3542,44.7663
2015-10-06,20.3593,9.0558,29.3796,44.768
2015-10-07,20.3633,8.9203,29.405,44.7625
2015-10-08,20.3674,8.895,29.3472,44.7916
2015-10-09,20.3726,8.8681,29.2924,44.7154
2015-10-10,20.3726,8.8681,29.2924,44.7154
2015-10-11,20.3726,8.8681,29.2924,44.7154
2015-10-12,20.3838,8.928,29.3331,44.7662
2015-10-13,20.388,8.8643,29.3597,44.7672
2015-10-14,20.3916,8.8423,29.3826,44.765
2015-10-15,20.3954,8.8626,29.2927,44.792
2015-10-16,20.3981,8.7649,29.2164,44.6971
2015-10-17,20.3981,8.7649,29.2164,44.6971
2015-10-18,20.3981,8.7649,29.2164,44.6971
2015-10-19,20.4081,8.8182,29.2544,44.7383
2015-10-20,20.4138,8.7645,29.2905,44.75
2015-10-21,20.4165,8.6967,29.2241,44.7414
2015-10-22,20.4165,8.6967,29.2241,44.7414
2015-10-23,20.4265,8.7499,29.2072,44.6984
2015-10-24,20.4265,8.7499,29.2072,44.6984
2015-10-25,20.4265,8.7499,29.2072,44.6984
2015-10-26,20.4383,8.8128,29.2819,44.7533
2015-10-27,20.4416,8.7053,29.3027,44.749
2015-10-28,20.4468,8.7035,29.3356,44.7582
2015-10-29,20.4483,8.6768,29.2176,44.7688
2015-10-30,20.4515,8.6141,29.157,44.6788
2015-10-31,20.4515,8.6141,29.157,44.6788
2015-11-01,20.4515,8.6141,29.157,44.6788
2015-11-02,20.4618,8.6688,29.1952,44.724
2015-11-03,20.4656,8.5933,29.2192,44.7232
2015-11-04,20.4677,8.6044,29.2324,44.7381
2015-11-05,20.4712,8.5326,29.1689,44.7628
2015-11-06,20.4746,8.4942,29.0958,44.6467
2015-11-07,20.4746,8.4942,29.0958,44.6467
2015-11-08,20.4746,8.4942,29.0958,44.6467
2015-11-09,20.4841,8.5446,29.1264,44.6862
2015-11-10,20.4883,8.4066,29.0675,44.6607
2015-11-11,20.4883,8.4066,29.0675,44.6607
2015-11-12,20.4883,8.4066,29.0675,44.6607
2015-11-13,20.5021,8.4469,29.0674,44.6489
2015-11-14,20.5021,8.4469,29.0674,44.6489
2015-11-15,20.5021,8.4469,29.0674,44.6489
2015-11-16,20.5152,8.5162,29.1214,44.7413
2015-11-17,20.5194,8.4518,29.1479,44.7158
2015-11-18,20.524,8.4532,29.1768,44.7197
2015-11-19,20.5278,8.4526,29.1113,44.7465
2015-11-20,20.531,8.4094,29.0276,44.6609
2015-11-21,20.531,8.4094,29.0276,44.6609
2015-11-22,20.531,8.4094,29.0276,44.6609
2015-11-23,20.5434,8.4748,29.0723,44.7218
2015-11-24,20.5458,8.3896,29.0873,44.6857
2015-11-25,20.5458,8.3896,29.0873,44.6857
2015-11-26,20.5542,8.4134,29.0509,44.7448
2015-11-27,20.5566,8.3723,28.981,44.6548
2015-11-28,20.5566,8.3723,28.981,44.6548
2015-11-29,20.5566,8.3723,28.981,44.6548
2015-11-30,20.5675,8.4298,29.0162,44.705
2015-12-01,20.5712,8.3602,29.0394,44.7025
2015-12-02,20.5763,8.3471,29.0714,44.7109
2015-12-03,20.5816,8.3419,29.0132,44.7482
2015-12-04,20.5847,8.3143,28.9485,44.6571
2015-12-05,20.5847,8.3143,28.9485,44.6571
2015-12-06,20.5847,8.3143,28.9485,44.6571
2015-12-07,20.5924,8.3548,28.9677,44.6817
2015-12-08,20.5944,8.2907,28.9802,44.6724
2015-12-09,20.5947,8.2621,28.9821,44.645
2015-12-10,20.5979,8.2664,28.9222,44.6675
2015-12-11,20.5954,8.2152,28.8098,44.5271
2015-12-12,20.5954,8.2152,28.8098,44.5271
2015-12-13,20.5954,8.2152,28.8098,44.5271
2015-12-14,20.606,8.2709,28.8519,44.571
2015-12-15,20.6089,8.2196,28.8701,44.5579
2015-12-16,20.6143,8.2917,28.9038,44.5958
2015-12-17,20.6191,8.3112,28.8388,44.6295
2015-12-18,20.6242,8.2988,28.7942,44.4838
2015-12-19,20.6242,8.2988,28.7942,44.4838
2015-12-20,20.6242,8.2988,28.7942,44.4838
2015-12-21,20.6367,8.3644,28.8401,44.5349
2015-12-22,20.6413,8.3197,28.8688,44.5287
2015-12-23,20.6432,8.2746,28.6942,44.3792
2015-12-24,20.6432,8.2746,28.6942,44.3792
2015-12-25,20.6432,8.2746,28.6942,44.3792
2015-12-26,20.6432,8.2746,28.6942,44.3792
2015-12-27,20.6432,8.2746,28.6942,44.3792
2015-12-28,20.6643,8.3853,28.7969,44.4935
2015-12-29,20.6685,8.3374,28.8231,44.4895
2015-12-30,20.6746,8.3393,28.8611,44.4988
2015-12-31,20.6821,8.3422,28.8123,44.5512
2016-01-01,20.6886,8.3207,28.7509,44.4624
2016-01-02,20.6886,8.3207,28.7509,44.4624
2016-01-03,20.6886,8.3207,28.7509,44.4624
2016-01-04,20.7027,8.3945,28.7994,44.5255
2016-01-05,20.7069,8.349,28.8255,44.5215
2016-01-06,20.7116,8.3611,28.8548,44.521
2016-01-07,20.7162,8.3546,28.7912,44.5531
2016-01-08,20.7216,8.3341,28.7392,44.4568
2016-01-09,20.7216,8.3341,28.7392,44.4568
2016-01-10,20.7216,8.3341,28.7392,44.4568
2016-01-11,20.734,8.3989,28.777,44.51
2016-01-12,20.7358,8.3324,28.7882,44.4903
2016-01-13,20.7369,8.3025,28.795,44.4647
2016-01-14,20.7392,8.2998,28.7182,44.4807
2016-01-15,20.742,8.2014,28.6342,44.3695
2016-01-16,20.742,8.2014,28.6342,44.3695
2016-01-17,20.742,8.2014,28.6342,44.3695
2016-01-18,20.7537,8.2625,28.6796,44.4198
2016-01-19,20.7575,8.2061,28.7031,44.4151
2016-01-20,20.7588,8.2061,28.7112,44.391
2016-01-21,20.7638,8.2136,28.6576,44.4257
2016-01-22,20.769,8.1854,28.6078,44.3304
2016-01-23,20.769,8.1854,28.6078,44.3304
2016-01-24,20.769,8.1854,28.6078,44.3304
2016-01-25,20.7806,8.2458,28.6796,44.3448
2016-01-26,20.7806,8.2458,28.6796,44.3448
2016-01-27,20.7882,8.1885,28.7267,44.3635
2016-01-28,20.7883,8.1665,28.6134,44.3642
2016-01-29,20.7915,8.1409,28.5704,44.2512
2016-01-30,20.7915,8.1409,28.5704,44.2512
2016-01-31,20.7915,8.1409,28.5704,44.2512
2016-02-01,20.8048,8.2101,28.6288,44.3104
2016-02-02,20.8078,8.1498,28.6473,44.2972
2016-02-03,20.8098,8.1613,28.6597,44.277
2016-02-04,20.8132,8.1655,28.6083,44.3006
2016-02-05,20.8182,8.1774,28.5653,44.1973
2016-02-06,20.8182,8.1774,28.5653,44.1973
2016-02-07,20.8182,8.1774,28.5653,44.1973
2016-02-08,20.8308,8.2429,28.6169,44.2506
2016-02-09,20.8353,8.2246,28.6447,44.2478
2016-02-10,20.8394,8.224,28.67,44.2413
2016-02-11,20.843,8.2388,28.6073,44.2662
2016-02-12,20.8441,8.2175,28.5673,44.1401
2016-02-13,20.8441,8.2175,28.5673,44.1401
2016-02-14,20.8441,8.2175,28.5673,44.1401
2016-02-15,20.8536,8.2668,28.6053,44.1719
2016-02-16,20.8572,8.2142,28.6275,44.1629
2016-02-17,20.8603,8.2303,28.6466,44.1514
2016-02-18,20.8637,8.1519,28.4861,44.0445
2016-02-19,20.8637,8.1519,28.4861,44.0445
2016-02-20,20.8637,8.1519,28.4861,44.0445
2016-02-21,20.8637,8.1519,28.4861,44.0445
2016-02-22,20.8766,8.2188,28.5323,44.1018
2016-02-23,20.8716,8.1066,28.5015,44.0305
2016-02-24,20.8726,8.081,28.5077,44.0056
2016-02-25,20.8722,8.0398,28.4174,44.0028
2016-02-26,20.8742,7.997,28.3555,49.0269
2016-02-27,20.8742,7.997,28.3555,49.0269
2016-02-28,20.8742,7.997,28.3555,49.0269
2016-02-29,20.9041,8.1517,28.5062,49.2404
2016-03-01,20.9125,8.1263,28.5578,49.2311
2016-03-02,20.9226,8.1596,28.6199,49.268
2016-03-03,20.9266,8.1171,28.5528,49.2966
2016-03-04,20.9318,8.111,28.4443,49.1559
2016-03-05,20.9318,8.111,28.4443,49.1559
2016-03-06,20.9318,8.111,28.4443,49.1559
2016-03-07,20.9318,8.111,28.4443,49.1559
2016-03-08,20.9494,8.1226,28.5523,54.7612
2016-03-09,20.95,8.1145,28.556,54.7279
2016-03-10,20.9522,8.1097,28.4788,54.7441
2016-03-11,20.9561,8.0729,28.3595,54.6256
2016-03-12,20.9561,8.0729,28.3595,54.6256
2016-03-13,20.9561,8.0729,28.3595,54.6256
2016-03-14,20.978,8.1859,28.4645,54.7507
2016-03-15,20.9922,8.1827,28.5515,54.8189
2016-03-16,20.9987,8.195,28.5913,54.828
2016-03-17,21.0109,8.2344,28.5692,54.9179
2016-03-18,21.0183,8.2235,28.4776,54.8195
2016-03-19,21.0183,8.2235,28.4776,54.8195
2016-03-20,21.0183,8.2235,28.4776,54.8195
2016-03-21,21.0365,8.3172,28.5488,54.9159
2016-03-22,21.0401,8.2711,28.5708,54.9037
2016-03-23,21.0388,8.1764,28.395,54.6766
2016-03-24,21.0388,8.1764,28.395,54.6766
2016-03-25,21.0388,8.1764,28.395,54.6766
2016-03-26,21.0388,8.1764,28.395,54.6766
2016-03-27,21.0388,8.1764,28.395,54.6766
2016-03-28,21.0571,8.2705,28.5067,54.7542
2016-03-29,21.0665,8.242,28.564,54.7562
2016-03-30,21.0756,8.1016,28.6196,54.7821
2016-03-31,21.1264,8.3622,28.5413,54.9902
2016-04-01,21.1264,8.3622,28.5413,54.9902
2016-04-02,21.1264,8.3622,28.5413,54.9902
2016-04-03,21.1264,8.3622,28.5413,54.9902
2016-04-04,21.157,8.5191,28.7134,55.1748
2016-04-05,21.171,8.4313,28.7985,55.2365
2016-04-06,21.1721,8.4136,28.8052,55.2036
2016-04-07,21.1835,8.3982,28.7555,55.1655
2016-04-08,21.1835,8.3982,28.7555,55.1655
2016-04-09,21.1835,8.3982,28.7555,55.1655
2016-04-10,21.1835,8.3982,28.7555,55.1655
2016-04-11,21.1994,8.4796,28.7715,55.1989
2016-04-12,21.2052,8.4443,28.8068,55.2414
2016-04-13,21.2109,8.3975,28.5985,55.0051
2016-04-14,21.2109,8.3975,28.5985,55.0051
2016-04-15,21.2109,8.3975,28.5985,55.0051
2016-04-16,21.2109,8.3975,28.5985,55.0051
2016-04-17,21.2109,8.3975,28.5985,55.0051
2016-04-18,21.232,8.4449,28.7264,55.0721
2016-04-19,21.232,8.4449,28.7264,55.0721
2016-04-20,21.2402,8.4658,28.7761,55.1319
2016-04-21,21.2408,8.4511,28.6783,55.1363
2016-04-22,21.2445,8.4279,28.5489,54.9506
2016-04-23,21.2445,8.4279,28.5489,54.9506
2016-04-24,21.2445,8.4279,28.5489,54.9506
2016-04-25,21.2544,8.4785,28.5847,54.9821
2016-04-26,21.2578,8.4294,28.6052,54.9651
2016-04-27,21.2591,8.42,28.6131,54.9294
2016-04-28,21.2606,8.4111,28.5289,54.9403
2016-04-29,21.2637,8.4285,28.3823,54.7959
2016-04-30,21.2637,8.4285,28.3823,54.7959
2016-05-01,21.2637,8.4285,28.3823,54.7959
2016-05-02,21.2709,8.4652,28.4506,54.8112
2016-05-03,21.27,8.4606,28.4451,54.7663
2016-05-04,21.2763,8.39,28.4832,54.7705
2016-05-05,21.2809,8.4079,28.3381,54.804
2016-05-06,21.2843,8.4086,28.1577,54.6757
2016-05-07,21.2843,8.4086,28.1577,54.6757
2016-05-08,21.2843,8.4086,28.1577,54.6757
2016-05-09,21.2978,8.4774,28.1695,54.7333
2016-05-10,21.3041,8.4272,28.2074,54.7386
2016-05-11,21.3094,8.4189,28.2393,54.7344
2016-05-12,21.3161,8.4232,28.2033,54.783
2016-05-13,21.3187,8.3625,28.0103,54.6413
2016-05-14,21.3187,8.3625,28.0103,54.6413
2016-05-15,21.3187,8.3625,28.0103,54.6413
2016-05-16,21.3305,8.4225,27.9804,54.6877
2016-05-17,21.3346,8.3767,28.005,54.6759
2016-05-18,21.3399,8.3612,28.0368,54.6739
2016-05-19,21.343,8.3456,27.9787,54.6964
2016-05-20,21.3459,8.2669,27.9393,54.5203
2016-05-21,21.3459,8.2669,27.9393,54.5203
2016-05-22,21.3459,8.2669,27.9393,54.5203
2016-05-23,21.3591,8.3338,27.9915,54.5767
2016-05-24,21.3633,8.2728,28.0167,54.5679
2016-05-25,21.3676,8.2594,28.0425,54.5588
2016-05-26,21.3715,8.266,27.9884,54.587
2016-05-27,21.3756,8.2144,27.9601,54.4569
2016-05-28,21.3756,8.2144,27.9601,54.4569
2016-05-29,21.3756,8.2144,27.9601,54.4569
2016-05-30,21.3868,8.2711,28.0079,54.4954
2016-05-31,21.3889,8.1351,28.0205,54.4659
2016-06-01,21.3933,8.1535,28.0469,54.452
2016-06-02,21.3976,8.1441,27.9876,54.483
2016-06-03,21.4024,8.1142,27.9191,54.3661
2016-06-04,21.4024,8.1142,27.9191,54.3661
2016-06-05,21.4024,8.1142,27.9191,54.3661
2016-06-06,21.4162,8.1839,27.9786,54.4289
2016-06-07,21.4243,8.156,28.027,54.4506
2016-06-08,21.4325,8.1783,28.076,54.4718
2016-06-09,21.4358,8.1731,28.0261,54.4956
2016-06-10,21.4407,8.164,28.0057,54.3818
2016-06-11,21.4407,8.164,28.0057,54.3818
2016-06-12,21.4407,8.164,28.0057,54.3818
2016-06-13,21.4511,8.2165,28.0319,54.4189
2016-06-14,21.4537,8.1608,28.0474,54.3998
2016-06-15,21.4579,8.1586,28.0725,54.3845
2016-06-16,21.464,8.162,28.0134,54.4284
2016-06-17,21.4683,8.1221,27.9795,54.3172
2016-06-18,21.4683,8.1221,27.9795,54.3172
2016-06-19,21.4683,8.1221,27.9795,54.3172
2016-06-20,21.4787,8.1745,28.0094,54.3542
2016-06-21,21.4854,8.1288,28.0493,54.3591
2016-06-22,21.4921,8.1402,28.0893,54.3684
2016-06-23,21.4975,8.1407,28.068,54.4072
2016-06-24,21.5009,8.1039,28.0105,54.2787
2016-06-25,21.5009,8.1039,28.0105,54.2787
2016-06-26,21.5009,8.1039,28.0105,54.2787
2016-06-27,21.5128,8.1638,27.9382,54.3231
2016-06-28,21.5164,8.1351,27.9596,54.3036
2016-06-29,21.5215,8.1156,27.9899,54.3059
2016-06-30,21.5288,8.1013,28.0333,54.3582
2016-07-01,21.5365,8.0699,27.9429,54.2608
2016-07-02,21.5365,8.0699,27.9429,54.2608
2016-07-03,21.5365,8.0699,27.9429,54.2608
2016-07-04,21.5522,8.1487,27.9989,54.339
2016-07-05,21.5619,8.0889,28.0565,54.3333
2016-07-06,21.5619,8.0889,28.0565,54.3333
2016-07-07,21.5722,8.1172,28.0705,54.407
2016-07-08,21.5821,8.1224,28.0753,54.3232
2016-07-09,21.5821,8.1224,28.0753,54.3232
2016-07-10,21.5821,8.1224,28.0753,54.3232
2016-07-11,21.601,8.2171,28.1723,54.4164
2016-07-12,21.6147,8.225,28.2536,54.4691
2016-07-13,21.6255,8.246,28.3176,54.4954
2016-07-14,21.6332,8.2586,28.2986,54.5505
2016-07-15,21.6385,8.2239,29.1065,54.4317
2016-07-16,21.6385,8.2239,29.1065,54.4317
2016-07-17,21.6385,8.2239,29.1065,54.4317
2016-07-18,21.6533,8.2979,29.1693,54.4998
2016-07-19,21.658,8.2543,29.1974,54.5058
2016-07-20,21.6669,8.2641,29.2505,54.5241
2016-07-21,21.6723,8.263,29.2364,54.5626
2016-07-22,21.6779,8.2385,29.6975,54.456
2016-07-23,21.6779,8.2385,29.6975,54.456
2016-07-24,21.6779,8.2385,29.6975,54.456
2016-07-25,21.691,8.3039,29.6704,54.5152
2016-07-26,21.6988,8.2677,29.717,54.5322
2016-07-27,21.7025,8.2343,29.7391,54.5201
2016-07-28,21.7137,8.2502,29.6805,54.5998
2016-07-29,21.7195,8.2252,29.5573,54.4827
2016-07-30,21.7195,8.2252,29.5573,54.4827
2016-07-31,21.7195,8.2252,29.5573,54.4827
2016-08-01,21.7351,8.3029,29.5993,54.5574
2016-08-02,21.7388,8.234,29.6214,54.542
2016-08-03,21.7412,8.2222,29.6357,54.5096
2016-08-04,21.7464,8.2212,29.5547,54.5466
2016-08-05,21.7502,8.2261,29.4832,54.3969
2016-08-06,21.7502,8.2261,29.4832,54.3969
2016-08-07,21.7502,8.2261,29.4832,54.3969
2016-08-08,21.764,8.2948,29.5654,54.4554
2016-08-09,21.7736,8.2752,29.6225,54.4884
2016-08-10,21.7806,8.2852,29.6642,54.5052
2016-08-11,21.7995,8.3598,29.6817,54.6393
2016-08-12,21.8023,8.3333,29.6529,54.4761
2016-08-13,21.8023,8.3333,29.6529,54.4761
2016-08-14,21.8023,8.3333,29.6529,54.4761
2016-08-15,21.8023,8.3333,29.6529,54.4761
2016-08-16,21.818,8.3478,29.7463,54.5075
2016-08-17,21.818,8.3478,29.7463,54.5075
2016-08-18,21.8234,8.3321,29.7305,54.5457
2016-08-19,21.8281,8.3082,29.5375,54.404
2016-08-20,21.8281,8.3082,29.5375,54.404
2016-08-21,21.8281,8.3082,29.5375,54.404
2016-08-22,21.8412,8.3732,29.5622,54.4607
2016-08-23,21.8432,8.3632,29.574,54.4388
2016-08-24,21.849,8.3662,29.6084,54.4448
2016-08-25,21.8543,8.3704,29.5407,54.4823
2016-08-26,21.8601,8.3487,29.6481,54.3814
2016-08-27,21.8601,8.3487,29.6481,54.3814
2016-08-28,21.8601,8.3487,29.6481,54.3814
2016-08-29,21.8717,8.4062,29.6715,54.4633
2016-08-30,21.8753,8.3676,29.6929,54.4888
2016-08-31,21.8791,8.3676,29.7154,54.3989
2016-09-01,21.8865,8.3919,29.6271,54.4511
2016-09-02,21.8922,8.3933,29.1042,54.2943
2016-09-03,21.8922,8.3933,29.1042,54.2943
2016-09-04,21.8922,8.3933,29.1042,54.2943
2016-09-05,21.8922,8.3933,29.1042,54.2943
2016-09-06,21.9101,8.4261,29.2098,54.3813
2016-09-07,21.9175,8.4402,29.2534,54.3964
2016-09-08,21.9235,8.4522,29.2888,54.4387
2016-09-09,21.9293,8.4755,29.0278,54.3263
2016-09-10,21.9293,8.4755,29.0278,54.3263
2016-09-11,21.9293,8.4755,29.0278,54.3263
2016-09-12,21.9394,8.4675,29.0523,54.3224
2016-09-13,21.9394,8.4675,29.0523,54.3224
2016-09-14,21.9446,8.4745,29.0828,54.321
2016-09-15,21.9501,8.5161,28.9999,54.3597
2016-09-16,21.9557,8.4811,28.7694,54.2515
2016-09-17,21.9557,8.4811,28.7694,54.2515
2016-09-18,21.9557,8.4811,28.7694,54.2515
2016-09-19,21.9666,8.5349,28.7699,54.2902
2016-09-20,21.9711,8.4891,28.7963,54.2828
2016-09-21,21.9741,8.4723,28.8139,54.2659
2016-09-22,21.9812,8.4913,28.7777,54.3158
2016-09-23,21.9889,8.5154,28.6653,54.2172
2016-09-24,21.9889,8.5154,28.6653,54.2172
2016-09-25,21.9889,8.5154,28.6653,54.2172
2016-09-26,22.0053,8.5963,28.7206,54.2867
2016-09-27,22.015,8.552,28.7773,54.3136
2016-09-28,22.0252,8.396,28.837,54.3462
2016-09-29,22.024,8.324,28.7178,54.3378
2016-09-30,22.0391,8.3641,28.6759,54.2944
2016-10-01,22.0391,8.3641,28.6759,54.2944
2016-10-02,22.0391,8.3641,28.6759,54.2944
2016-10-03,22.0591,8.4625,28.7438,54.3944
2016-10-04,22.0687,8.4175,28.7999,54.4616
2016-10-05,22.0941,8.5209,28.9481,54.5604
2016-10-06,22.1041,8.5487,28.8831,54.6304
2016-10-07,22.1068,8.5124,28.6513,54.4947
2016-10-08,22.1068,8.5124,28.6513,54.4947
2016-10-09,22.1068,8.5124,28.6513,54.4947
2016-10-10,22.1187,8.4888,28.6966,54.4634
2016-10-11,22.1187,8.4888,28.6966,54.4634
2016-10-12,22.1187,8.4888,28.6966,54.4634
2016-10-13,22.1299,8.5246,28.6667,54.5416
2016-10-14,22.1305,8.4929,28.6163,54.3906
2016-10-15,22.1305,8.4929,28.6163,54.3906
2016-10-16,22.1305,8.4929,28.6163,54.3906
2016-10-17,22.1401,8.54,28.6422,54.4198
2016-10-18,22.1447,8.5094,28.669,54.4132
2016-10-19,22.1469,8.4898,28.6817,54.3908
2016-10-20,22.1493,8.4873,28.6038,54.4076
2016-10-21,22.152,8.4474,28.5411,54.2726
2016-10-22,22.152,8.4474,28.5411,54.2726
2016-10-23,22.152,8.4474,28.5411,54.2726
2016-10-24,22.1662,8.5169,28.5862,54.3715
2016-10-25,22.166,8.4532,28.585,54.3701
2016-10-26,22.1662,8.4367,28.5862,54.2587
2016-10-27,22.1669,8.4126,28.5,54.2635
2016-10-28,22.1713,8.4092,28.3403,54.1033
2016-10-29,22.1713,8.4092,28.3403,54.1033
2016-10-30,22.1713,8.4092,28.3403,54.1033
2016-10-31,22.1713,8.4092,28.3403,54.1033
2016-11-01,22.1876,8.4343,28.4347,54.1748
2016-11-02,22.1915,8.4332,28.4572,54.1601
2016-11-03,22.1925,8.4269,28.463,54.167
2016-11-04,22.195,8.4026,28.3735,54.0314
2016-11-05,22.195,8.4026,28.3735,54.0314
2016-11-06,22.195,8.4026,28.3735,54.0314
2016-11-07,22.2058,8.4554,28.4174,54.0679
2016-11-08,22.2096,8.4236,28.4393,54.0942
2016-11-09,22.2304,8.5029,28.5596,54.1594
2016-11-10,22.2421,8.56,28.5604,54.2405
2016-11-11,22.2476,8.5138,28.6182,54.0863
2016-11-12,22.2476,8.5138,28.6182,54.0863
2016-11-13,22.2476,8.5138,28.6182,54.0863
2016-11-14,22.2476,8.5138,28.6182,54.0863
2016-11-15,22.2859,8.6312,28.8396,54.312
2016-11-16,22.31,8.7264,28.9789,54.4404
2016-11-17,22.3177,8.7395,28.9049,54.4937
2016-11-18,22.3227,8.7268,28.7984,54.3712
2016-11-19,22.3227,8.7268,28.7984,54.3712
2016-11-20,22.3227,8.7268,28.7984,54.3712
2016-11-21,22.3442,8.8315,28.9002,54.4825
2016-11-22,22.3527,8.8072,28.9492,54.5039
2016-11-23,22.3601,8.8305,28.9919,54.5166
2016-11-24,22.3747,8.9016,28.9571,54.6175
2016-11-25,22.3785,8.8628,28.8364,54.49
2016-11-26,22.3785,8.8628,28.8364,54.49
2016-11-27,22.3785,8.8628,28.8364,54.49
2016-11-28,22.3712,8.8273,28.7551,54.397
2016-11-29,22.3659,8.7439,28.7246,54.321
2016-11-30,22.3719,8.7535,28.7591,54.323
2016-12-01,22.3765,8.7489,28.7026,54.3548
2016-12-02,22.3766,8.705,28.5369,54.2384
2016-12-03,22.3766,8.705,28.5369,54.2384
2016-12-04,22.3766,8.705,28.5369,54.2384
2016-12-05,22.3893,8.7667,28.5877,54.2462
2016-12-06,22.3945,8.7513,28.6175,54.2427
2016-12-07,22.3522,8.5353,28.3746,53.9122
2016-12-08,22.3424,8.4862,28.2859,53.8447
2016-12-09,22.3531,8.5344,28.2501,53.7246
2016-12-10,22.3531,8.5344,28.2501,53.7246
2016-12-11,22.3531,8.5344,28.2501,53.7246
2016-12-12,22.3531,8.5344,28.2501,53.7246
2016-12-13,22.3713,8.5669,28.3546,53.8107
2016-12-14,22.3774,8.5812,28.3896,53.8135
2016-12-15,22.3768,8.5499,28.2838,53.8094
2016-12-16,22.3725,8.4769,28.1622,53.6235
2016-12-17,22.3725,8.4769,28.1622,53.6235
2016-12-18,22.3725,8.4769,28.1622,53.6235
2016-12-19,22.3863,8.5438,28.195,53.6803
2016-12-20,22.3891,8.4917,28.211,53.6605
2016-12-21,22.3951,8.4966,28.2453,53.6616
2016-12-22,22.3985,8.503,28.1914,53.6849
2016-12-23,22.4014,8.5171,28.0973,53.5384
2016-12-24,22.4014,8.5171,28.0973,53.5384
2016-12-25,22.4014,8.5171,28.0973,53.5384
2016-12-26,22.4093,8.5554,28.1286,53.5504
2016-12-27,22.4097,8.4465,28.1308,53.5121
2016-12-28,22.4104,8.4278,28.1348,53.4738
2016-12-29,22.4179,8.4321,28.1118,53.5252
2016-12-30,22.4274,8.4046,28.0037,53.4295
2016-12-31,22.4274,8.4046,28.0037,53.4295
2017-01-01,22.4274,8.4046,28.0037,53.4295
2017-01-02,22.4524,8.5255,28.1127,53.5595
2017-01-03,22.4623,8.4994,28.1692,53.5873
2017-01-04,22.4734,8.531,28.2326,53.6223
2017-01-05,22.4813,8.5445,28.187,53.6763
2017-01-06,22.4881,8.5249,28.2374,53.5611
2017-01-07,22.4881,8.5249,28.2374,53.5611
2017-01-08,22.4881,8.5249,28.2374,53.5611
2017-01-09,22.499,8.5775,28.2469,53.5967
2017-01-10,22.5038,8.5357,28.2743,53.5917
2017-01-11,22.5095,8.5538,28.3068,53.5908
2017-01-12,22.5157,8.5779,28.2471,53.6331
2017-01-13,22.5196,8.5701,28.1686,53.5005
2017-01-14,22.5196,8.5701,28.1686,53.5005
2017-01-15,22.5196,8.5701,28.1686,53.5005
2017-01-16,22.5304,8.6221,28.2096,53.5365
2017-01-17,22.5352,8.584,28.2369,53.5273
2017-01-18,22.5407,8.5906,28.2682,53.524
2017-01-19,22.5437,8.5983,28.1999,53.5444
2017-01-20,22.549,8.5705,28.1135,53.4186
2017-01-21,22.549,8.5705,28.1135,53.4186
2017-01-22,22.549,8.5705,28.1135,53.4186
2017-01-23,22.5581,8.6143,28.139,53.4512
2017-01-24,22.5614,8.5695,28.1577,53.4737
2017-01-25,22.5641,8.5428,28.1083,53.4127
2017-01-26,22.5641,8.5428,28.1083,53.4127
2017-01-27,22.5717,8.5622,28.2119,53.3049
2017-01-28,22.5717,8.5622,28.2119,53.3049
2017-01-29,22.5717,8.5622,28.2119,53.3049
2017-01-30,22.5891,8.6458,28.3027,53.3606
2017-01-31,22.595,8.6047,28.3362,53.359
2017-02-01,22.6021,8.6232,28.3765,53.3625
2017-02-02,22.6083,8.6426,28.3243,53.4045
2017-02-03,22.615,8.6309,28.2059,53.2898
2017-02-04,22.615,8.6309,28.2059,53.2898
2017-02-05,22.615,8.6309,28.2059,53.2898
2017-02-06,22.6284,8.6953,28.2724,53.3474
2017-02-07,22.6354,8.6631,28.312,53.3636
2017-02-08,22.6016,8.4774,28.1204,53.0973
2017-02-09,22.5985,8.4412,28.0209,53.0763
2017-02-10,22.6153,8.4974,28.0827,53.0315
2017-02-11,22.6153,8.4974,28.0827,53.0315
2017-02-12,22.6153,8.4974,28.0827,53.0315
2017-02-13,22.6327,8.5808,28.1551,53.1099
2017-02-14,22.6393,8.563,28.1925,53.1545
2017-02-15,22.6453,8.5731,28.2264,53.1288
2017-02-16,22.6514,8.5862,28.1761,53.1701
2017-02-17,22.6552,8.5867,28.0903,53.0447
2017-02-18,22.6552,8.5867,28.0903,53.0447
2017-02-19,22.6552,8.5867,28.0903,53.0447
2017-02-20,22.6673,8.5775,28.1239,53.0385
2017-02-21,22.6673,8.5775,28.1239,53.0385
2017-02-22,22.672,8.6261,28.1505,53.0351
2017-02-23,22.6758,8.6307,28.0258,52.9255
2017-02-24,22.6758,8.6307,28.0258,52.9255
2017-02-25,22.6758,8.6307,28.0258,52.9255
2017-02-26,22.6758,8.6307,28.0258,52.9255
2017-02-27,22.6964,8.7294,28.0842,53.0387
2017-02-28,22.7016,8.5988,28.1136,53.0448
2017-03-01,22.7033,8.5633,28.1232,53.0088
2017-03-02,22.7084,8.5353,28.092,53.0432
2017-03-03,22.715,8.5191,28.0209,52.9238
2017-03-04,22.715,8.5191,28.0209,52.9238
2017-03-05,22.715,8.5191,28.0209,52.9238
2017-03-06,22.7236,8.5602,27.9886,52.9395
2017-03-07,22.7245,8.5645,27.9936,52.9456
2017-03-08,22.726,8.4804,28.0021,52.8744
2017-03-09,22.7231,8.4635,27.8806,52.8549
2017-03-10,22.7232,8.4324,27.7029,52.642
2017-03-11,22.7232,8.4324,27.7029,52.642
2017-03-12,22.7232,8.4324,27.7029,52.642
2017-03-13,22.7232,8.4324,27.7029,52.642
2017-03-14,22.7407,8.4026,27.8013,52.7216
2017-03-15,22.7484,8.366,27.8445,52.7333
2017-03-16,22.7559,8.3681,27.8867,52.7836
2017-03-17,22.7576,8.2752,27.6638,52.6249
2017-03-18,22.7576,8.2752,27.6638,52.6249
2017-03-19,22.7576,8.2752,27.6638,52.6249
2017-03-20,22.7702,8.3351,27.6664,52.6603
2017-03-21,22.7768,8.2728,27.7034,52.6626
2017-03-22,22.7855,8.2956,27.7522,52.7209
2017-03-23,22.7917,8.3317,27.6696,52.7625
2017-03-24,22.7944,8.3446,27.6168,52.5648
2017-03-25,22.7944,8.3446,27.6168,52.5648
2017-03-26,22.7944,8.3446,27.6168,52.5648
2017-03-27,22.8073,8.3117,27.554,52.5531
2017-03-28,22.8073,8.3117,27.554,52.5531
2017-03-29,22.8155,8.3023,27.5999,52.5773
2017-03-30,22.8227,8.2897,27.6402,52.6255
2017-03-31,22.8348,8.0866,27.5538,52.478
2017-04-01,22.8348,8.0866,27.5538,52.478
2017-04-02,22.8348,8.0866,27.5538,52.478
2017-04-03,22.8512,8.0078,27.6047,52.4806
2017-04-04,22.8512,8.0078,27.6047,52.4806
2017-04-05,22.86,7.9779,27.6539,52.5393
2017-04-06,22.8555,7.951,27.5411,52.5093
2017-04-07,22.8555,7.8929,27.4579,52.2289
2017-04-08,22.8555,7.8929,27.4579,52.2289
2017-04-09,22.8555,7.8929,27.4579,52.2289
2017-04-10,22.8692,7.9576,27.5059,52.2776
2017-04-11,22.8762,7.9097,27.5449,52.2755
2017-04-12,22.8832,7.9132,27.5839,52.2795
2017-04-13,22.8922,7.9266,27.4508,52.1612
2017-04-14,22.8922,7.9266,27.4508,52.1612
2017-04-15,22.8922,7.9266,27.4508,52.1612
2017-04-16,22.8922,7.9266,27.4508,52.1612
2017-04-17,22.9065,7.994,27.5304,52.2047
2017-04-18,22.9095,7.9008,27.5471,52.1821
2017-04-19,22.9145,7.9244,27.5749,52.178
2017-04-20,22.9214,7.9152,27.5047,52.2238
2017-04-21,22.9216,7.8943,27.4534,52.0716
2017-04-22,22.9216,7.8943,27.4534,52.0716
2017-04-23,22.9216,7.8943,27.4534,52.0716
2017-04-24,22.9336,7.9508,27.4592,52.1098
2017-04-25,22.9382,7.9221,27.4847,52.101
2017-04-26,22.9385,7.9063,27.4864,52.0637
2017-04-27,22.9421,7.9166,27.4257,52.0875
2017-04-28,22.9475,7.9187,27.3397,51.9189
2017-04-29,22.9475,7.9187,27.3397,51.9189
2017-04-30,22.9475,7.9187,27.3397,51.9189
2017-05-01,22.9475,7.9187,27.3397,51.9189
2017-05-02,22.9615,7.9479,27.4174,51.9713
2017-05-03,22.9651,7.9694,27.4373,51.9318
2017-05-04,22.9687,7.9544,27.3711,51.9556
2017-05-05,22.9738,7.9378,27.3041,51.8347
2017-05-06,22.9738,7.9378,27.3041,51.8347
2017-05-07,22.9738,7.9378,27.3041,51.8347
2017-05-08,22.9856,7.9932,27.3412,51.8735
2017-05-09,22.9898,7.9126,27.3645,51.815
2017-05-10,22.9898,7.9126,27.3645,51.815
2017-05-11,22.9979,7.9237,27.3233,51.8685
2017-05-12,22.9984,7.879,27.238,51.7095
2017-05-13,22.9984,7.879,27.238,51.7095
2017-05-14,22.9984,7.879,27.238,51.7095
2017-05-15,23.0146,7.955,27.2938,51.7753
2017-05-16,23.0174,7.9084,27.3093,51.7537
2017-05-17,23.0206,7.9027,27.327,51.7348
2017-05-18,23.0253,7.8979,27.2615,51.7658
2017-05-19,23.0288,7.8839,27.1684,51.625
2017-05-20,23.0288,7.8839,27.1684,51.625
2017-05-21,23.0288,7.8839,27.1684,51.625
2017-05-22,23.0434,7.9523,27.2104,51.6752
2017-05-23,23.0481,7.9076,27.2363,51.6552
2017-05-24,23.0532,7.9103,27.2645,51.6528
2017-05-25,23.0585,7.9134,27.2025,51.6877
2017-05-26,23.0655,7.9057,27.1583,51.5702
2017-05-27,23.0655,7.9057,27.1583,51.5702
2017-05-28,23.0655,7.9057,27.1583,51.5702
2017-05-29,23.0766,7.9577,27.1564,51.6013
2017-05-30,23.0808,7.9208,27.1796,51.5662
2017-05-31,23.0845,7.9275,27.1999,51.5536
2017-06-01,23.093,7.945,27.1697,51.6095
2017-06-02,23.1004,7.9337,27.023,51.49
2017-06-03,23.1004,7.9337,27.023,51.49
2017-06-04,23.1004,7.9337,27.023,51.49
2017-06-05,23.1126,7.9907,27.0523,51.5213
2017-06-06,23.1175,7.944,27.0793,51.5127
2017-06-07,23.1308,7.9653,27.1524,51.5561
2017-06-08,23.1537,8.0308,27.2035,51.7062
2017-06-09,23.1604,8.0207,27.1369,51.5763
2017-06-10,23.1604,8.0207,27.1369,51.5763
2017-06-11,23.1604,8.0207,27.1369,51.5763
2017-06-12,23.1725,8.0772,27.1775,51.589
2017-06-13,23.1798,8.0588,27.2175,51.605
2017-06-14,23.183,8.0606,27.2351,51.5873
2017-06-15,23.1906,8.0749,27.2203,51.637
2017-06-16,23.1922,8.03,27.146,51.5137
2017-06-17,23.1922,8.03,27.146,51.5137
2017-06-18,23.1922,8.03,27.146,51.5137
2017-06-19,23.2041,8.0854,27.189,51.538
2017-06-20,23.208,8.0512,27.2103,51.5209
2017-06-21,23.2132,8.0417,27.2388,51.5143
2017-06-22,23.218,8.0304,27.1961,51.5456
2017-06-23,23.2222,8.0057,27.0848,51.3665
2017-06-24,23.2222,8.0057,27.0848,51.3665
2017-06-25,23.2222,8.0057,27.0848,51.3665
2017-06-26,23.2222,8.0057,27.0848,51.3665
2017-06-27,23.2337,7.9994,27.1477,51.3961
2017-06-28,23.2362,7.993,27.1614,51.3552
2017-06-29,23.2386,7.9785,27.0799,51.3708
2017-06-30,23.2409,7.914,26.9634,51.2587
2017-07-01,23.2409,7.914,26.9634,51.2587
2017-07-02,23.2409,7.914,26.9634,51.2587
2017-07-03,23.2455,7.9354,26.958,51.2207
2017-07-04,23.2534,7.8934,27.0011,51.2318
2017-07-05,23.2605,7.8778,27.0399,51.216
2017-07-06,23.2694,7.9191,27.0053,51.2739
2017-07-07,23.2758,7.8477,26.9952,51.1828
2017-07-08,23.2758,7.8477,26.9952,51.1828
2017-07-09,23.2758,7.8477,26.9952,51.1828
2017-07-10,23.2933,7.9288,27.2079,51.2601
2017-07-11,23.2999,7.8649,27.244,51.2676
2017-07-12,23.3077,7.8326,27.2866,51.278
2017-07-13,23.3161,7.8176,27.2775,51.3325
2017-07-14,23.3206,7.7736,27.1508,51.2125
2017-07-15,23.3206,7.7736,27.1508,51.2125
2017-07-16,23.3206,7.7736,27.1508,51.2125
2017-07-17,23.3359,7.8444,27.2002,51.2735
2017-07-18,23.3435,7.8057,27.2417,51.2825
2017-07-19,23.3521,7.8221,27.2885,51.301
2017-07-20,23.3549,7.7907,27.2185,51.3191
2017-07-21,23.365,7.7826,27.171,51.2219
2017-07-22,23.365,7.7826,27.171,51.2219
2017-07-23,23.365,7.7826,27.171,51.2219
2017-07-24,23.3769,7.8375,27.206,51.2618
2017-07-25,23.3813,7.7926,27.2299,51.253
2017-07-26,23.3847,7.7696,27.2484,51.2388
2017-07-27,23.3906,7.7784,27.203,51.277
2017-07-28,23.3952,7.7152,27.1458,51.166
2017-07-29,23.3952,7.7152,27.1458,51.166
2017-07-30,23.3952,7.7152,27.1458,51.166
2017-07-31,23.4074,7.7714,27.1975,51.2018
2017-08-01,23.4126,7.7179,27.2258,51.1954
2017-08-02,23.4214,7.7401,27.2736,51.2121
2017-08-03,23.4324,7.7788,27.2352,51.2832
2017-08-04,23.4361,7.7512,27.2076,51.1509
2017-08-05,23.4361,7.7512,27.2076,51.1509
2017-08-06,23.4361,7.7512,27.2076,51.1509
2017-08-07,23.4485,7.8082,27.2522,51.1968
2017-08-08,23.4539,7.7647,27.2815,51.2043
2017-08-09,23.4577,7.7346,27.3021,51.1908
2017-08-10,23.4605,7.7128,27.2323,51.2088
2017-08-11,23.462,7.6125,27.1481,51.0588
2017-08-12,23.462,7.6125,27.1481,51.0588
2017-08-13,23.462,7.6125,27.1481,51.0588
2017-08-14,23.4724,7.6602,27.2044,51.0499
2017-08-15,23.4724,7.6602,27.2044,51.0499
2017-08-16,23.4767,7.6024,27.2277,51.0397
2017-08-17,23.4767,7.6024,27.2277,51.0397
2017-08-18,23.4872,7.6008,27.0808,50.9547
2017-08-19,23.4872,7.6008,27.0808,50.9547
2017-08-20,23.4872,7.6008,27.0808,50.9547
2017-08-21,23.4992,7.6557,27.0976,50.994
2017-08-22,23.5043,7.6145,27.1252,50.989
2017-08-23,23.5075,7.6193,27.1425,50.9727
2017-08-24,23.5115,7.5544,26.9807,50.8511
2017-08-25,23.5115,7.5544,26.9807,50.8511
2017-08-26,23.5115,7.5544,26.9807,50.8511
2017-08-27,23.5115,7.5544,26.9807,50.8511
2017-08-28,23.5263,7.6221,27.0607,50.9102
2017-08-29,23.5312,7.5874,27.0871,50.9029
2017-08-30,23.5354,7.5889,27.1098,50.8892
2017-08-31,23.5422,7.6013,27.0306,50.9328
2017-09-01,23.5537,7.5895,26.9981,50.8566
2017-09-02,23.5537,7.5895,26.9981,50.8566
2017-09-03,23.5537,7.5895,26.9981,50.8566
2017-09-04,23.5646,7.6393,27.0295,50.8849
2017-09-05,23.5689,7.6589,27.0526,50.8719
2017-09-06,23.5731,7.5901,27.0753,50.864
2017-09-07,23.5758,7.5661,27.0084,50.8813
2017-09-08,23.5779,7.5178,26.9417,50.7529
2017-09-09,23.5779,7.5178,26.9417,50.7529
2017-09-10,23.5779,7.5178,26.9417,50.7529
2017-09-11,23.5889,7.568,26.9702,50.7846
2017-09-12,23.5914,7.5298,26.9836,50.7611
2017-09-13,23.5928,7.5362,26.9912,50.7286
2017-09-14,23.5962,7.5262,26.9118,50.7504
2017-09-15,23.5984,7.4819,26.8206,50.6153
2017-09-16,23.5984,7.4819,26.8206,50.6153
2017-09-17,23.5984,7.4819,26.8206,50.6153
2017-09-18,23.6077,7.5242,26.8324,50.6746
2017-09-19,23.6112,7.4868,26.8512,50.6258
2017-09-20,23.6145,7.4798,26.869,50.6104
2017-09-21,23.6057,7.4251,26.74,50.5542
2017-09-22,23.6063,7.3555,26.65,50.419
2017-09-23,23.6063,7.3555,26.65,50.419
2017-09-24,23.6063,7.3555,26.65,50.419
2017-09-25,23.6213,7.4237,26.6979,50.4781
2017-09-26,23.6263,7.3664,26.7247,50.4726
2017-09-27,23.6293,7.3327,26.7408,50.4438
2017-09-28,23.6348,7.308,26.6874,50.4788
2017-09-29,23.6388,7.2585,26.6226,50.3109
2017-09-30,23.6388,7.2585,26.6226,50.3109
2017-10-01,23.6388,7.2585,26.6226,50.3109
2017-10-02,23.6388,7.2585,26.6226,50.3109
2017-10-03,23.6628,7.27,26.7512,50.409
2017-10-04,23.6642,7.2297,26.7587,50.3816
2017-10-05,23.6647,7.1087,26.7614,50.3848
2017-10-06,23.6688,7.0657,26.519,50.2781
2017-10-07,23.6688,7.0657,26.519,50.2781
2017-10-08,23.6688,7.0657,26.519,50.2781
2017-10-09,23.6802,7.1173,26.5434,50.3152
2017-10-10,23.6859,7.0854,26.5739,50.3199
2017-10-11,23.6909,7.108,26.6006,50.3163
2017-10-12,23.6965,7.1333,26.5305,50.3518
2017-10-13,23.7036,7.1083,26.4273,50.2272
2017-10-14,23.7036,7.1083,26.4273,50.2272
2017-10-15,23.7036,7.1083,26.4273,50.2272
2017-10-16,23.7157,7.163,26.4547,50.2668
2017-10-17,23.721,7.1404,26.483,50.2661
2017-10-18,23.7253,7.1023,26.3126,50.1316
2017-10-19,23.7253,7.1023,26.3126,50.1316
2017-10-20,23.7253,7.1023,26.3126,50.1316
2017-10-21,23.7253,7.1023,26.3126,50.1316
2017-10-22,23.7253,7.1023,26.3126,50.1316
2017-10-23,23.7421,7.1781,26.4021,50.2379
2017-10-24,23.7464,7.1289,26.425,50.2072
2017-10-25,23.7499,7.1456,26.4436,50.2293
2017-10-26,23.7532,7.1595,26.3159,50.2502
2017-10-27,23.7569,7.1516,26.2262,50.0922
2017-10-28,23.7569,7.1516,26.2262,50.0922
2017-10-29,23.7569,7.1516,26.2262,50.0922
2017-10-30,23.7674,7.1989,26.2243,50.132
2017-10-31,23.7717,7.2183,26.2471,50.125
2017-11-01,23.7759,7.1585,26.2694,50.1203
2017-11-02,23.7798,7.1572,26.1789,50.1449
2017-11-03,23.7843,7.1606,26.0977,50.0397
2017-11-04,23.7843,7.1606,26.0977,50.0397
2017-11-05,23.7843,7.1606,26.0977,50.0397
2017-11-06,23.796,7.2133,26.0942,50.0709
2017-11-07,23.7981,7.1706,26.1054,50.0511
2017-11-08,23.8014,7.1672,26.1229,50.0378
2017-11-09,23.806,7.0876,26.023,50.0668
2017-11-10,23.8096,7.021,25.9681,49.9902
2017-11-11,23.8096,7.021,25.9681,49.9902
2017-11-12,23.8096,7.021,25.9681,49.9902
2017-11-13,23.8223,7.0781,26.0092,50.0702
2017-11-14,23.8178,7.0578,25.9854,49.9408
2017-11-15,23.8223,6.894,26.0092,49.9361
2017-11-16,23.819,6.7638,25.8912,49.9153
2017-11-17,23.8261,6.7348,25.8383,49.8073
2017-11-18,23.8261,6.7348,25.8383,49.8073
2017-11-19,23.8261,6.7348,25.8383,49.8073
2017-11-20,23.8449,6.8191,25.9077,49.8897
2017-11-21,23.8505,6.7413,25.9372,49.8891
2017-11-22,23.8489,6.6936,25.9288,49.8404
2017-11-23,23.8469,6.6493,25.8458,49.8278
2017-11-24,23.8492,6.5719,25.7723,49.705
2017-11-25,23.8492,6.5719,25.7723,49.705
2017-11-26,23.8492,6.5719,25.7723,49.705
2017-11-27,23.8613,6.626,25.7943,49.7809
2017-11-28,23.8647,6.676,25.8123,49.7374
2017-11-29,23.8691,6.7209,25.8355,49.7265
2017-11-30,23.8757,6.6994,25.6503,49.6262
2017-12-01,23.8757,6.6994,25.6503,49.6262
2017-12-02,23.8757,6.6994,25.6503,49.6262
2017-12-03,23.8757,6.6994,25.6503,49.6262
2017-12-04,23.8909,6.7673,25.7111,49.6886
2017-12-05,23.8925,6.7139,25.7196,49.6696
2017-12-06,23.8963,6.7061,25.7396,49.6596
2017-12-07,23.8994,6.9219,25.6692,49.679
2017-12-08,23.905,6.9427,25.6333,49.5932
2017-12-09,23.905,6.9427,25.6333,49.5932
2017-12-10,23.905,6.9427,25.6333,49.5932
2017-12-11,23.911,6.9695,25.6364,49.5933
2017-12-12,23.9126,6.9767,25.6448,49.5566
2017-12-13,23.9126,6.8896,25.6448,49.5285
2017-12-14,23.9135,6.8645,25.5724,49.5341
2017-12-15,23.9131,6.8861,25.5762,49.3906
2017-12-16,23.9131,6.8861,25.5762,49.3906
2017-12-17,23.9131,6.8861,25.5762,49.3906
2017-12-18,23.9256,6.942,25.6346,49.4416
2017-12-19,23.9281,6.8872,25.6477,49.4264
2017-12-20,23.9256,6.8627,25.6346,49.3735
2017-12-21,23.9216,6.8162,25.5338,49.3485
2017-12-22,23.925,6.8014,25.4878,49.1928
2017-12-23,23.925,6.8014,25.4878,49.1928
2017-12-24,23.925,6.8014,25.4878,49.1928
2017-12-25,23.925,6.8014,25.4878,49.1928
2017-12-26,23.9359,6.8124,25.545,49.2217
2017-12-27,23.9375,6.8176,25.5534,49.1981
2017-12-28,23.936,6.8076,25.4645,49.1888
2017-12-29,23.9485,6.7823,25.417,49.1134
2017-12-30,23.9485,6.7823,25.417,49.1134
2017-12-31,23.9485,6.7823,25.417,49.1134
2018-01-01,23.9663,6.8617,25.482,49.1824
2018-01-02,23.9722,6.769,25.5128,49.1857
2018-01-03,23.9739,6.7295,25.5217,49.1508
2018-01-04,23.9706,6.6621,25.4263,49.1303
2018-01-05,23.9802,6.6351,25.3945,49.049
2018-01-06,23.9802,6.6351,25.3945,49.049
2018-01-07,23.9802,6.6351,25.3945,49.049
2018-01-08,23.9933,6.6933,25.4388,49.098
2018-01-09,23.9959,6.6532,25.4524,49.0817
2018-01-10,23.9929,6.6171,25.4367,49.0177
2018-01-11,23.9947,6.5981,25.3583,49.0289
2018-01-12,23.9955,6.5538,25.2041,48.8887
2018-01-13,23.9955,6.5538,25.2041,48.8887
2018-01-14,23.9955,6.5538,25.2041,48.8887
2018-01-15,24.0097,6.6169,25.2475,48.9362
2018-01-16,24.0055,6.5472,25.2256,48.8732
2018-01-17,24.0162,6.5719,25.2814,48.9081
2018-01-18,24.0194,6.5601,25.2099,48.928
2018-01-19,24.0227,6.5355,25.1691,48.8192
2018-01-20,24.0227,6.5355,25.1691,48.8192
2018-01-21,24.0227,6.5355,25.1691,48.8192
2018-01-22,24.0317,6.5755,25.1808,48.8464
2018-01-23,24.0373,6.5573,25.2099,48.8461
2018-01-24,24.04,6.5537,25.224,48.8628
2018-01-25,24.0415,6.5117,25.0709,48.7008
2018-01-26,24.0415,6.5117,25.0709,48.7008
2018-01-27,24.0415,6.5117,25.0709,48.7008
2018-01-28,24.0415,6.5117,25.0709,48.7008
2018-01-29,24.0555,6.5737,25.1177,48.769
2018-01-30,24.056,6.4938,25.1203,48.7574
2018-01-31,24.0614,6.4899,25.1484,48.7632
2018-02-01,24.0521,6.4153,25.0122,48.7057
2018-02-02,24.0582,6.3816,25.0407,48.6404
2018-02-03,24.0582,6.3816,25.0407,48.6404
2018-02-04,24.0582,6.3816,25.0407,48.6404
2018-02-05,24.0701,6.4342,25.0752,48.68
2018-02-06,24.0764,6.399,25.108,48.6868
2018-02-07,24.0854,6.4059,25.1547,48.712
2018-02-08,24.0939,6.6026,25.1508,48.7645
2018-02-09,24.0979,6.5557,25.1377,48.6653
2018-02-10,24.0979,6.5557,25.1377,48.6653
2018-02-11,24.0979,6.5557,25.1377,48.6653
2018-02-12,24.1113,6.533,25.18,48.7195
2018-02-13,24.1113,6.533,25.18,48.7195
2018-02-14,24.1223,6.5506,25.2371,48.7635
2018-02-15,24.1218,6.5201,25.152,48.7604
2018-02-16,24.1255,6.4899,25.0603,48.6073
2018-02-17,24.1255,6.4899,25.0603,48.6073
2018-02-18,24.1255,6.4899,25.0603,48.6073
2018-02-19,24.1255,6.4899,25.0603,48.6073
2018-02-20,24.1355,6.4772,25.1121,48.635
2018-02-21,24.1391,6.4931,25.1308,48.6187
2018-02-22,24.1348,6.452,25.0087,48.5923
2018-02-23,24.1419,6.4655,24.9309,48.5116
2018-02-24,24.1419,6.4655,24.9309,48.5116
2018-02-25,24.1419,6.4655,24.9309,48.5116
2018-02-26,24.1537,6.5175,24.9642,48.5522
2018-02-27,24.1552,6.4275,24.9719,48.5304
2018-02-28,24.1584,6.4172,24.9885,48.5117
2018-03-01,24.1611,6.3663,24.79,48.3787
2018-03-02,24.1611,6.3663,24.79,48.3787
2018-03-03,24.1611,6.3663,24.79,48.3787
2018-03-04,24.1611,6.3663,24.79,48.3787
2018-03-05,24.1795,6.4473,24.8851,48.4489
2018-03-06,24.1886,6.447,24.9321,48.461
2018-03-07,24.2045,6.5128,25.0142,48.5267
2018-03-08,24.2128,6.5423,24.9654,48.5776
2018-03-09,24.2183,6.5796,24.9358,48.4674
2018-03-10,24.2183,6.5796,24.9358,48.4674
2018-03-11,24.2183,6.5796,24.9358,48.4674
2018-03-12,24.2393,6.672,25.0048,48.5515
2018-03-13,24.2491,6.7152,25.0553,48.5297
2018-03-14,24.254,6.6546,25.0806,48.526
2018-03-15,24.2637,6.6611,25.0423,48.5854
2018-03-16,24.2788,6.6844,25.0427,48.526
2018-03-17,24.2788,6.6844,25.0427,48.526
2018-03-18,24.2788,6.6844,25.0427,48.526
2018-03-19,24.291,6.738,25.0747,48.5452
2018-03-20,24.2928,6.6868,25.0839,48.4935
2018-03-21,24.2933,6.6581,25.0865,48.4503
2018-03-22,24.2973,6.6349,25.0324,48.4748
2018-03-23,24.2997,6.6038,24.9817,48.3942
2018-03-24,24.2997,6.6038,24.9817,48.3942
2018-03-25,24.2997,6.6038,24.9817,48.3942
2018-03-26,24.3081,6.6407,24.9864,48.4455
2018-03-27,24.3279,6.6672,25.0882,48.4676
2018-03-28,24.3512,6.6407,24.9029,48.2244
2018-03-29,24.3512,6.6407,24.9029,48.2244
2018-03-30,24.3512,6.6407,24.9029,48.2244
2018-03-31,24.3512,6.6407,24.9029,48.2244
2018-04-01,24.3512,6.6407,24.9029,48.2244
2018-04-02,24.3512,6.6407,24.9029,48.2244
2018-04-03,24.385,6.7121,25.0763,48.3679
2018-04-04,24.3906,6.7366,25.105,48.3857
2018-04-05,24.4046,6.7568,24.9928,48.4709
2018-04-06,24.4121,6.8106,24.9551,48.4199
2018-04-07,24.4121,6.8106,24.9551,48.4199
2018-04-08,24.4121,6.8106,24.9551,48.4199
2018-04-09,24.4265,6.8736,24.993,48.4668
2018-04-10,24.4244,6.8004,24.9822,48.454
2018-04-11,24.4206,6.7511,24.9628,48.3381
2018-04-12,24.4235,6.7311,24.9028,48.3557
2018-04-13,24.427,6.7045,24.8588,48.1843
2018-04-14,24.427,6.7045,24.8588,48.1843
2018-04-15,24.427,6.7045,24.8588,48.1843
2018-04-16,24.4384,6.7543,24.8915,48.2472
2018-04-17,24.4417,6.702,24.9084,48.1863
2018-04-18,24.4404,6.6824,24.9018,48.1784
2018-04-19,24.437,6.6443,24.8148,48.1578
2018-04-20,24.4297,6.5794,24.7056,47.9458
2018-04-21,24.4297,6.5794,24.7056,47.9458
2018-04-22,24.4297,6.5794,24.7056,47.9458
2018-04-23,24.4368,6.6104,24.7208,47.9888
2018-04-24,24.4381,6.5602,24.7275,47.8731
2018-04-25,24.4353,6.5267,24.7132,47.8284
2018-04-26,24.4321,6.5113,24.6205,47.8091
2018-04-27,24.4337,6.4765,24.5931,47.5216
2018-04-28,24.4337,6.4765,24.5931,47.5216
2018-04-29,24.4337,6.4765,24.5931,47.5216
2018-04-30,24.4337,6.4765,24.5931,47.5216
2018-05-01,24.4337,6.4765,24.5931,47.5216
2018-05-02,24.4612,6.5314,24.7333,47.7161
2018-05-03,24.4631,6.5229,24.743,47.7276
2018-05-04,24.465,6.4909,24.6275,47.5181
2018-05-05,24.465,6.4909,24.6275,47.5181
2018-05-06,24.465,6.4909,24.6275,47.5181
2018-05-07,24.4809,6.5601,24.6901,47.5286
2018-05-08,24.4819,6.5097,24.6952,47.4112
2018-05-09,24.4795,6.4798,24.6829,47.3169
2018-05-10,24.4787,6.4764,24.5843,47.3121
2018-05-11,24.4797,6.4409,24.4646,47.1242
2018-05-12,24.4797,6.4409,24.4646,47.1242
2018-05-13,24.4797,6.4409,24.4646,47.1242
2018-05-14,24.4893,6.4826,24.4786,47.0661
2018-05-15,24.4865,6.3955,24.4644,47.0316
2018-05-16,24.4807,6.3574,24.4349,46.8813
2018-05-17,24.4794,6.3369,24.3518,46.8735
2018-05-18,24.4869,6.3316,24.2202,46.7846
2018-05-19,24.4869,6.3316,24.2202,46.7846
2018-05-20,24.4869,6.3316,24.2202,46.7846
2018-05-21,24.4967,6.3742,24.2478,46.8284
2018-05-22,24.5,6.3211,24.2646,46.8438
2018-05-23,24.5045,6.319,24.2874,46.8399
2018-05-24,24.5079,6.3102,24.2101,46.8603
2018-05-25,24.5166,6.2912,24.1649,46.7981
2018-05-26,24.5166,6.2912,24.1649,46.7981
2018-05-27,24.5166,6.2912,24.1649,46.7981
2018-05-28,24.5345,6.3688,24.2064,46.8947
2018-05-29,24.545,6.3632,24.2596,46.9329
2018-05-30,24.5553,6.3884,24.3118,46.9726
2018-05-31,24.5522,6.3579,24.1276,46.954
2018-06-01,24.5534,6.2899,24.0672,46.825
2018-06-02,24.5534,6.2899,24.0672,46.825
2018-06-03,24.5534,6.2899,24.0672,46.825
2018-06-04,24.5653,6.3414,24.0916,46.8575
2018-06-05,24.5712,6.3108,24.1214,46.8586
2018-06-06,24.5785,6.3199,24.1583,46.8759
2018-06-07,24.5771,6.2527,24.0723,46.8675
2018-06-08,24.5821,6.1385,24.0343,46.8088
2018-06-09,24.5821,6.1385,24.0343,46.8088
2018-06-10,24.5821,6.1385,24.0343,46.8088
2018-06-11,24.5957,6.1972,24.0803,46.8698
2018-06-12,24.6002,6.1612,24.103,46.8686
2018-06-13,24.6088,6.1649,24.1464,46.8787
2018-06-14,24.6161,6.1817,24.1044,46.9223
2018-06-15,24.6223,6.1663,24.0331,46.7806
2018-06-16,24.6223,6.1663,24.0331,46.7806
2018-06-17,24.6223,6.1663,24.0331,46.7806
2018-06-18,24.6406,6.2452,24.099,46.8451
2018-06-19,24.6482,6.2235,24.1373,46.9359
2018-06-20,24.6562,6.2401,24.1776,46.9468
2018-06-21,24.664,6.2499,24.1256,46.9933
2018-06-22,24.6695,6.2324,24.0615,46.9393
2018-06-23,24.6695,6.2324,24.0615,46.9393
2018-06-24,24.6695,6.2324,24.0615,46.9393
2018-06-25,24.6838,6.294,24.1072,46.9974
2018-06-26,24.6884,6.3138,24.1303,46.988
2018-06-27,24.6913,6.2736,24.1449,46.8409
2018-06-28,24.6916,6.2635,24.0927,46.8427
2018-06-29,24.6987,6.2726,23.9814,46.8029
2018-06-30,24.6987,6.2726,23.9814,46.8029
2018-07-01,24.6987,6.2726,23.9814,46.8029
2018-07-02,24.7171,6.3517,24.0301,46.9428
2018-07-03,24.7234,6.3578,24.0618,46.8755
2018-07-04,24.7334,6.3647,24.1119,46.8921
2018-07-05,24.7381,6.3524,24.049,46.92
2018-07-06,24.7431,6.304,23.9883,46.8738
2018-07-07,24.7431,6.304,23.9883,46.8738
2018-07-08,24.7431,6.304,23.9883,46.8738
2018-07-09,24.758,6.368,24.0331,46.9387
2018-07-10,24.765,6.3181,24.0682,46.9637
2018-07-11,24.7691,6.3056,24.0887,46.9706
2018-07-12,24.7771,6.3044,24.0592,47.0181
2018-07-13,24.7853,6.2807,23.9959,48.194
2018-07-14,24.7853,6.2807,23.9959,48.194
2018-07-15,24.7853,6.2807,23.9959,48.194
2018-07-16,24.7973,6.3322,24.0225,48.194
2018-07-17,24.8048,6.2946,24.06,47.9982
2018-07-18,24.8089,6.2776,24.0805,47.9936
2018-07-19,24.8126,6.2543,24.0221,48.0156
2018-07-20,24.8174,6.2161,23.9488,48.2353
2018-07-21,24.8174,6.2161,23.9488,48.2353
2018-07-22,24.8174,6.2161,23.9488,48.2353
2018-07-23,24.8308,6.2735,23.981,48.6678
2018-07-24,24.8354,6.2391,24.004,48.5886
2018-07-25,24.8396,6.237,24.025,48.4929
2018-07-26,24.8471,6.2537,23.9764,48.5378
2018-07-27,24.8531,6.2316,23.8685,48.3661
2018-07-28,24.8531,6.2316,23.8685,48.3661
2018-07-29,24.8531,6.2316,23.8685,48.3661
2018-07-30,24.8678,6.2945,23.9127,48.3901
2018-07-31,24.8746,6.2681,23.9466,48.3775
