2011-10-14,10.0188,,,
2011-10-15,10.0188,,,
2011-10-16,10.0188,,,
2011-10-17,10.024,,,
2011-10-18,10.0261,,,
2011-10-19,10.0278,,,
2011-10-20,10.0298,,,
2011-10-21,10.0218,,,
2011-10-22,10.0218,,,
2011-10-23,10.0218,,,
2011-10-24,10.0275,,,
2011-10-25,10.0402,,,
2011-10-26,10.0402,,,
2011-10-27,10.0402,,,
2011-10-28,10.0417,,,
2011-10-29,10.0417,,,
2011-10-30,10.0417,,,
2011-10-31,10.0432,,,
2011-11-01,10.0347,,,
2011-11-02,10.0392,,,
2011-11-03,10.0437,,,
2011-11-04,10.0463,,,
2011-11-05,10.0463,,,
2011-11-06,10.0463,,,
2011-11-07,10.0463,,,
2011-11-08,10.0514,,,
2011-11-09,10.0646,,,
2011-11-10,10.0646,,,
2011-11-11,10.0679,,,
2011-11-12,10.0679,,,
2011-11-13,10.0679,,,
2011-11-14,10.0756,,,
2011-11-15,10.0589,,,
2011-11-16,10.0613,,,
2011-11-17,10.0702,,,
2011-11-18,10.0723,,,
2011-11-19,10.0723,,,
2011-11-20,10.0723,,,
2011-11-21,10.0781,,,
2011-11-22,10.0839,,,
2011-11-23,10.085,,,
2011-11-24,10.0931,,,
2011-11-25,10.0915,,,
2011-11-26,10.0915,,,
2011-11-27,10.0915,,,
2011-11-28,10.0974,,,
2011-11-29,10.0993,,,
2011-11-30,10.1042,,,
2011-12-01,10.1085,,,
2011-12-02,10.1122,,,
2011-12-03,10.1122,,,
2011-12-04,10.1122,,,
2011-12-05,10.1258,,,
2011-12-06,10.1258,,,
2011-12-07,10.134,,,
2011-12-08,10.1412,,,
2011-12-09,10.149,,,
2011-12-10,10.149,,,
2011-12-11,10.149,,,
2011-12-12,10.1548,,,
2011-12-13,10.1597,,,
2011-12-14,10.16,,,
2011-12-15,10.1629,,,
2011-12-16,10.1703,,,
2011-12-17,10.1703,,,
2011-12-18,10.1703,,,
2011-12-19,10.1847,,,
2011-12-20,10.1744,,,
2011-12-21,10.169,,,
2011-12-22,10.165,,,
2011-12-23,10.1652,,,
2011-12-24,10.1652,,,
2011-12-25,10.1652,,,
2011-12-26,10.1663,,,
2011-12-27,10.1653,,,
2011-12-28,10.1663,,,
2011-12-29,10.1682,,,
2011-12-30,10.17,,,
2011-12-31,10.17,,,
2012-01-01,10.17,,,
2012-01-02,10.1778,,,
2012-01-03,10.1876,,,
2012-01-04,10.1936,,,
2012-01-05,10.1975,,,
2012-01-06,10.1995,,,
2012-01-07,10.1995,,,
2012-01-08,10.1995,,,
2012-01-09,10.2055,,,
2012-01-10,10.2021,,,
2012-01-11,10.2071,,,
2012-01-12,10.2091,,,
2012-01-13,10.2111,,,
2012-01-14,10.2111,,,
2012-01-15,10.2111,,,
2012-01-16,10.2123,,,
2012-01-17,10.2133,,,
2012-01-18,10.2153,,,
2012-01-19,10.2204,,,
2012-01-20,10.2243,,,
2012-01-21,10.2243,,,
2012-01-22,10.2243,,,
2012-01-23,10.2299,,,
2012-01-24,10.2177,,,
2012-01-25,10.2182,,,
2012-01-26,10.2182,,,
2012-01-27,10.223,,,
2012-01-28,10.223,,,
2012-01-29,10.223,,,
2012-01-30,10.238,,,
2012-01-31,10.2392,,,
2012-02-01,10.2456,,,
2012-02-02,10.25,,,
2012-02-03,10.259,,,
2012-02-04,10.259,,,
2012-02-05,10.259,,,
2012-02-06,10.2652,,,
2012-02-07,10.2635,,,
2012-02-08,10.2688,,,
2012-02-09,10.2702,,,
2012-02-10,10.2697,,,
2012-02-11,10.2697,,,
2012-02-12,10.2735,,,
2012-02-13,10.2747,,,
2012-02-14,10.2766,,,
2012-02-15,10.2786,,,
2012-02-16,10.2786,,,
2012-02-17,10.2824,,,
2012-02-18,10.2824,,,
2012-02-19,10.2824,,,
2012-02-20,10.2824,,,
2012-02-21,10.2901,,,
2012-02-22,10.2939,,,
2012-02-23,10.2957,,,
2012-02-24,10.2969,,,
2012-02-25,10.2969,,,
2012-02-26,10.2969,,,
2012-02-27,10.3023,,,
2012-02-28,10.303,,,
2012-02-29,10.3035,,,
2012-03-01,10.3005,,,
2012-03-02,10.3023,,,
2012-03-03,10.3023,,,
2012-03-04,10.3023,,,
2012-03-05,10.3089,,,
2012-03-06,10.3106,,,
2012-03-07,10.3076,,,
2012-03-08,10.3076,,,
2012-03-09,10.2959,,,
2012-03-10,10.2959,,,
2012-03-11,10.2959,,,
2012-03-12,10.302,,,
2012-03-13,10.3032,,,
2012-03-14,10.3072,,,
2012-03-15,10.3097,,,
2012-03-16,10.3107,,,
2012-03-17,10.3107,,,
2012-03-18,10.3145,,,
2012-03-19,10.317,,,
2012-03-20,10.3209,,,
2012-03-21,10.3221,,,
2012-03-22,10.3228,,,
2012-03-23,10.3228,,,
2012-03-24,10.3228,,,
2012-03-25,10.3228,,,
2012-03-26,10.3397,,,
2012-03-27,10.3364,,,
2012-03-28,10.3341,,,
2012-03-29,10.3341,,,
2012-03-30,10.3361,,,
2012-03-31,10.3361,,,
2012-04-01,10.3361,,,
2012-04-02,10.3361,,,
2012-04-03,10.3424,,,
2012-04-04,10.3455,,,
2012-04-05,10.3455,,,
2012-04-06,10.3455,,,
2012-04-07,10.3455,,,
2012-04-08,10.3455,,,
2012-04-09,10.3504,,,
2012-04-10,10.3571,,,
2012-04-11,10.371,,,
2012-04-12,10.3895,,,
2012-04-13,10.3928,,,
2012-04-14,10.3928,,,
2012-04-15,10.3928,,,
2012-04-16,10.3979,,,
2012-04-17,10.4146,,,
2012-04-18,10.4195,,,
2012-04-19,10.4152,,,
2012-04-20,10.414,,,
2012-04-21,10.414,,,
2012-04-22,10.414,,,
2012-04-23,10.4088,,,
2012-04-24,10.4099,,,
2012-04-25,10.4075,,,
2012-04-26,10.4075,,,
2012-04-27,10.4108,,,
2012-04-28,10.4108,,,
2012-04-29,10.4108,,,
2012-04-30,10.4193,,,
2012-05-01,10.4193,,,
2012-05-02,10.426,,,
2012-05-03,10.4295,,,
2012-05-04,10.4286,,,
2012-05-05,10.4286,,,
2012-05-06,10.4286,,,
2012-05-07,10.4336,,,
2012-05-08,10.4285,,,
2012-05-09,10.4298,,,
2012-05-10,10.4267,,,
2012-05-11,10.4254,,,
2012-05-12,10.4254,,,
2012-05-13,10.4254,,,
2012-05-14,10.419,,,
2012-05-15,10.4226,,,
2012-05-16,10.4209,,,
2012-05-17,10.4198,,,
2012-05-18,10.4255,,,
2012-05-19,10.4255,,,
2012-05-20,10.4255,,,
2012-05-21,10.4308,,,
2012-05-22,10.4285,,,
2012-05-23,10.4209,,,
2012-05-24,10.4223,,,
2012-05-25,10.422,,,
2012-05-26,10.422,,,
2012-05-27,10.422,,,
2012-05-28,10.4322,,,
2012-05-29,10.4359,,,
2012-05-30,10.4308,,,
2012-05-31,10.4434,,,
2012-06-01,10.4405,,,
2012-06-02,10.4405,,,
2012-06-03,10.4405,,,
2012-06-04,10.4465,,,
2012-06-05,10.4509,,,
2012-06-06,10.4684,,,
2012-06-07,10.4772,,,
2012-06-08,10.4837,,,
2012-06-09,10.4837,,,
2012-06-10,10.4837,,,
2012-06-11,10.4868,,,
2012-06-12,10.4944,,,
2012-06-13,10.5113,,,
2012-06-14,10.5051,,,
2012-06-15,10.5138,,,
2012-06-16,10.5138,,,
2012-06-17,10.5138,,,
2012-06-18,10.5062,,,
2012-06-19,10.5065,,,
2012-06-20,10.5096,,,
2012-06-21,10.5196,,,
2012-06-22,10.5214,,,
2012-06-23,10.5214,,,
2012-06-24,10.5214,,,
2012-06-25,10.5255,,,
2012-06-26,10.5272,,,
2012-06-27,10.5292,,,
2012-06-28,10.5333,,,
2012-06-29,10.5438,,,
2012-06-30,10.5438,,,
2012-07-01,10.5438,,,
2012-07-02,10.5438,,,
2012-07-03,10.5572,,,
2012-07-04,10.5623,,,
2012-07-05,10.569,,,
2012-07-06,10.5807,,,
2012-07-07,10.5807,,,
2012-07-08,10.5807,,,
2012-07-09,10.5869,,,
2012-07-10,10.5877,,,
2012-07-11,10.5893,,,
2012-07-12,10.5944,,,
2012-07-13,10.5987,,,
2012-07-14,10.5987,,,
2012-07-15,10.5987,,,
2012-07-16,10.607,,,
2012-07-17,10.6123,,,
2012-07-18,10.624,,,
2012-07-19,10.6252,,,
2012-07-20,10.6303,,,
2012-07-21,10.6303,,,
2012-07-22,10.6303,,,
2012-07-23,10.6338,,,
2012-07-24,10.6394,,,
2012-07-25,10.6379,,,
2012-07-26,10.6353,,,
2012-07-27,10.6357,,,
2012-07-28,10.6357,,,
2012-07-29,10.6357,,,
2012-07-30,10.6466,,,
2012-07-31,10.6477,,,
2012-08-01,10.6516,,,
2012-08-02,10.6564,,,
2012-08-03,10.6625,,,
2012-08-04,10.6625,,,
2012-08-05,10.6625,,,
2012-08-06,10.68,,,
2012-08-07,10.6938,,,
2012-08-08,10.6928,,,
2012-08-09,10.6896,,,
2012-08-10,10.6868,,,
2012-08-11,10.6868,,,
2012-08-12,10.6868,,,
2012-08-13,10.698,,,
2012-08-14,10.7025,,,
2012-08-15,10.7025,,,
2012-08-16,10.7029,,,
2012-08-17,10.7103,,,
2012-08-18,10.7103,,,
2012-08-19,10.7103,,,
2012-08-20,10.7103,,,
2012-08-21,10.7257,,,
2012-08-22,10.7254,,,
2012-08-23,10.7354,,,
2012-08-24,10.7289,,,
2012-08-25,10.7289,,,
2012-08-26,10.7289,,,
2012-08-27,10.7259,,,
2012-08-28,10.7245,,,
2012-08-29,10.7208,,,
2012-08-30,10.7287,,,
2012-08-31,10.7211,,,
2012-09-01,10.7211,,,
2012-09-02,10.7211,,,
2012-09-03,10.7269,,,
2012-09-04,10.7373,,,
2012-09-05,10.7326,,,
2012-09-06,10.7401,,,
2012-09-07,10.7591,,,
2012-09-08,10.7591,,,
2012-09-09,10.7591,,,
2012-09-10,10.7692,,,
2012-09-11,10.7773,,,
2012-09-12,10.7934,,,
2012-09-13,10.7935,,,
2012-09-14,10.8233,,,
2012-09-15,10.8233,,,
2012-09-16,10.8233,,,
2012-09-17,10.8327,,,
2012-09-18,10.8405,,,
2012-09-19,10.8405,,,
2012-09-20,10.8311,,,
2012-09-21,10.8672,,,
2012-09-22,10.8672,,,
2012-09-23,10.8672,,,
2012-09-24,10.8676,,,
2012-09-25,10.8719,,,
2012-09-26,10.8794,,,
2012-09-27,10.8816,,,
2012-09-28,10.8954,,,
2012-09-29,10.8954,,,
2012-09-30,10.8954,,,
2012-10-01,10.9039,,,
2012-10-02,10.9039,,,
2012-10-03,10.9114,,,
2012-10-04,10.9214,,,
2012-10-05,10.9157,,,
2012-10-06,10.9157,,,
2012-10-07,10.9157,,,
2012-10-08,10.8989,,,
2012-10-09,10.9141,,,
2012-10-10,10.904,,,
2012-10-11,10.9263,,,
2012-10-12,10.9222,9.017,,
2012-10-13,10.9222,9.017,,
2012-10-14,10.9222,9.017,,
2012-10-15,10.9386,9.1807,,
2012-10-16,10.9317,9.0553,,
2012-10-17,10.9454,9.1691,,
2012-10-18,10.9601,9.2972,,
2012-10-19,10.9517,9.2788,,
2012-10-20,10.9517,9.2788,,
2012-10-21,10.9517,9.2788,,
2012-10-22,10.9626,9.3875,,
2012-10-23,10.9525,9.0865,,
2012-10-24,10.9525,9.0865,,
2012-10-25,10.9553,9.0981,,
2012-10-26,10.9553,9.0981,,
2012-10-27,10.9553,9.0981,,
2012-10-28,10.9553,9.0981,,
2012-10-29,10.9449,8.9945,,
2012-10-30,10.926,8.79,,
2012-10-31,10.9273,8.8951,,
2012-11-01,10.9345,8.918,,
2012-11-02,10.9492,8.9874,,
2012-11-03,10.9492,8.9874,,
2012-11-04,10.9492,8.9874,,
2012-11-05,10.9568,9.063,,
2012-11-06,10.9652,9.1467,,
2012-11-07,10.9763,9.2017,,
2012-11-08,10.9752,9.0476,,
2012-11-09,10.9591,8.8519,,
2012-11-10,10.9591,8.8519,,
2012-11-11,10.9591,8.8519,,
2012-11-12,10.9655,9.0129,,
2012-11-13,10.9655,9.0129,,
2012-11-14,10.9655,9.0129,,
2012-11-15,10.9585,8.9173,,
2012-11-16,10.9442,8.6564,,
2012-11-17,10.9442,8.6564,,
2012-11-18,10.9442,8.6564,,
2012-11-19,10.9465,8.6792,,
2012-11-20,10.9483,8.6346,,
2012-11-21,10.9599,8.6871,,
2012-11-22,10.9625,8.701,,
2012-11-23,10.9624,8.63,,
2012-11-24,10.9624,8.63,,
2012-11-25,10.9624,8.63,,
2012-11-26,10.9725,8.7301,,
2012-11-27,10.996,8.8788,,
2012-11-28,10.996,8.8788,,
2012-11-29,11.0225,9.0883,,
2012-11-30,11.0408,9.183,,
2012-12-01,11.0408,9.183,,
2012-12-02,11.0408,9.183,,
2012-12-03,11.0432,9.2067,,
2012-12-04,11.0495,9.1222,,
2012-12-05,11.0549,9.1756,,
2012-12-06,11.0613,9.1504,,
2012-12-07,11.0555,8.9319,,
2012-12-08,11.0555,8.9319,,
2012-12-09,11.0555,8.9319,,
2012-12-10,11.0605,8.9812,,
2012-12-11,11.0535,8.85,,
2012-12-12,11.0535,8.7975,,
2012-12-13,11.0496,8.7559,,
2012-12-14,11.0622,8.7697,,
2012-12-15,11.0622,8.7697,,
2012-12-16,11.0622,8.7697,,
2012-12-17,11.0634,8.7815,,
2012-12-18,11.0732,8.7239,,
2012-12-19,11.083,8.9303,,
2012-12-20,11.0815,8.9734,,
2012-12-21,11.0639,8.8409,,
2012-12-22,11.0639,8.8409,,
2012-12-23,11.0639,8.8409,,
2012-12-24,11.0739,8.9275,,
2012-12-25,11.0739,8.9275,,
2012-12-26,11.0908,9.1045,,
2012-12-27,11.0822,9.0092,,
2012-12-28,11.0842,8.9892,,
2012-12-29,11.0842,8.9892,,
2012-12-30,11.0842,8.9892,,
2012-12-31,11.0907,9.0531,,
2013-01-01,11.1143,9.2014,,
2013-01-02,11.1315,9.2652,,
2013-01-03,11.1433,9.3166,,
2013-01-04,11.1494,9.3132,,
2013-01-05,11.1494,9.3132,,
2013-01-06,11.1494,9.3132,,
2013-01-07,11.1472,9.2916,,
2013-01-08,11.153,9.2842,,
2013-01-09,11.146,9.252,,
2013-01-10,11.1544,9.2808,,
2013-01-11,11.1474,9.1694,,
2013-01-12,11.1474,9.1694,,
2013-01-13,11.1474,9.1694,,
2013-01-14,11.176,9.4495,,
2013-01-15,11.1824,9.4993,,
2013-01-16,11.1658,9.3261,,
2013-01-17,11.1798,9.4417,,
2013-01-18,11.1874,9.4197,,
2013-01-19,11.1874,9.4197,,
2013-01-20,11.1874,9.4197,,
2013-01-21,11.1968,9.5117,,
2013-01-22,11.1831,9.3178,,
2013-01-23,11.1823,9.4405,,
2013-01-24,11.1733,9.2957,,
2013-01-25,11.1733,9.2957,,
2013-01-26,11.1733,9.2957,,
2013-01-27,11.1733,9.2957,,
2013-01-28,11.2003,9.5598,,
2013-01-29,11.1976,9.3729,,
2013-01-30,11.1998,9.3816,,
2013-01-31,11.1865,9.1835,,
2013-02-01,11.1747,8.9258,,
2013-02-02,11.1747,8.9258,,
2013-02-03,11.1747,8.9258,,
2013-02-04,11.1645,8.8264,,
2013-02-05,11.1519,8.6379,,
2013-02-06,11.1492,8.6296,,
2013-02-07,11.1543,8.6232,,
2013-02-08,11.1499,8.5708,,
2013-02-09,11.1499,8.5708,,
2013-02-10,11.1499,8.5708,,
2013-02-11,11.1507,8.5385,,
2013-02-12,11.1575,8.592,,
2013-02-13,11.1604,8.6001,,
2013-02-14,11.1424,8.4039,,
2013-02-15,11.1382,8.323,,
2013-02-16,11.1382,8.323,,
2013-02-17,11.1382,8.323,,
2013-02-18,11.1461,8.3998,,
2013-02-19,11.1461,8.3998,,
2013-02-20,11.1652,8.5043,,
2013-02-21,11.1406,8.2253,,
2013-02-22,11.1348,8.1374,,
2013-02-23,11.1348,8.1374,,
2013-02-24,11.1348,8.1374,,
2013-02-25,11.1403,8.1908,,
2013-02-26,11.1155,7.8934,,
2013-02-27,11.1231,7.9598,,
2013-02-28,11.095,7.6819,,
2013-03-01,11.1065,7.806,,
2013-03-02,11.1065,7.806,,
2013-03-03,11.1065,7.806,,
2013-03-04,11.1079,7.8196,,
2013-03-05,11.1385,8.0474,,
2013-03-06,11.1599,8.2372,,
2013-03-07,11.1755,8.42,,
2013-03-08,11.2038,8.8181,,
2013-03-09,11.2038,8.8181,,
2013-03-10,11.2038,8.8181,,
2013-03-11,11.2061,8.8404,,
2013-03-12,11.1968,8.6857,,
2013-03-13,11.184,8.5488,,
2013-03-14,11.2152,8.8094,,
2013-03-15,11.2063,8.6861,,
2013-03-16,11.2063,8.6861,,
2013-03-17,11.2063,8.6861,,
2013-03-18,11.2012,8.5966,,
2013-03-19,11.1755,8.3212,,
2013-03-20,11.1593,8.1233,,
2013-03-21,11.1513,8.0332,,
2013-03-22,11.1472,7.9862,,
2013-03-23,11.1472,7.9862,,
2013-03-24,11.1472,7.9862,,
2013-03-25,11.1518,8.0308,,
2013-03-26,11.1511,7.8819,,
2013-03-27,11.1511,7.8819,,
2013-03-28,11.1711,8.0785,,
2013-03-29,11.1711,8.0785,,
2013-03-30,11.1711,8.0785,,
2013-03-31,11.1711,8.0785,,
2013-04-01,11.1711,8.0785,,
2013-04-02,11.2074,8.4297,,
2013-04-03,11.1914,8.2089,,
2013-04-04,11.1761,8.0286,,
2013-04-05,11.1746,8.0141,,
2013-04-06,11.1746,8.0141,,
2013-04-07,11.1746,8.0141,,
2013-04-08,11.177,8.0373,,
2013-04-09,11.1652,7.8722,,
2013-04-10,11.1894,7.8912,,
2013-04-11,11.1894,7.8912,,
2013-04-12,11.198,7.7477,,
2013-04-13,11.198,7.7477,,
2013-04-14,11.198,7.7477,,
2013-04-15,11.2049,7.8141,,
2013-04-16,11.2398,8.0968,,
2013-04-17,11.2477,7.9993,,
2013-04-18,11.2725,8.2437,,
2013-04-19,11.2725,8.2437,,
2013-04-20,11.2725,8.2437,,
2013-04-21,11.2725,8.2437,,
2013-04-22,11.2956,8.4655,,
2013-04-23,11.2945,8.4977,,
2013-04-24,11.2945,8.4977,,
2013-04-25,11.3213,8.7802,,
2013-04-26,11.3141,8.6766,,
2013-04-27,11.3141,8.6766,,
2013-04-28,11.3141,8.6766,,
2013-04-29,11.3279,8.8091,,
2013-04-30,11.3449,8.8835,,
2013-05-01,11.3449,8.8835,,
2013-05-02,11.3721,9.0744,,
2013-05-03,11.362,8.9504,,
2013-05-04,11.362,8.9504,,
2013-05-05,11.362,8.9504,,
2013-05-06,11.3735,9.0607,,
2013-05-07,11.3923,9.1886,,
2013-05-08,11.4031,9.3455,,
2013-05-09,11.4082,9.3808,,
2013-05-10,11.4217,9.5565,,
2013-05-11,11.4217,9.5565,,
2013-05-12,11.4217,9.5565,,
2013-05-13,11.398,9.3291,,
2013-05-14,11.4128,9.5383,,
2013-05-15,11.4613,9.9658,,
2013-05-16,11.4703,10.0701,,
2013-05-17,11.4753,10.0695,,
2013-05-18,11.4753,10.0695,,
2013-05-19,11.4753,10.0695,,
2013-05-20,11.4664,9.9842,,
2013-05-21,11.4557,9.8257,,
2013-05-22,11.4491,9.7866,,
2013-05-23,11.4091,9.4829,,
2013-05-24,11.4202,9.5778,,
2013-05-25,11.4202,9.5778,,
2013-05-26,11.4202,9.5778,,
2013-05-27,11.4459,9.8244,,
2013-05-28,11.4532,9.787,,
2013-05-29,11.4433,9.6532,,
2013-05-30,11.4453,9.726,,
2013-05-31,11.4129,9.3137,,
2013-06-01,11.4129,9.3137,,
2013-06-02,11.4129,9.3137,,
2013-06-03,11.4087,9.2735,,
2013-06-04,11.4082,9.206,,
2013-06-05,11.412,9.1963,,
2013-06-06,11.4177,9.0682,,
2013-06-07,11.4069,8.8061,,
2013-06-08,11.4069,8.8061,,
2013-06-09,11.4069,8.8061,,
2013-06-10,11.4056,8.7937,,
2013-06-11,11.3793,8.5107,,
2013-06-12,11.3722,8.3645,,
2013-06-13,11.3598,8.0723,,
2013-06-14,11.3902,8.3357,,
2013-06-15,11.3902,8.3357,,
2013-06-16,11.3902,8.3357,,
2013-06-17,11.4058,8.4841,,
2013-06-18,11.4091,8.594,,
2013-06-19,11.417,8.6661,,
2013-06-20,11.3639,8.1288,,
2013-06-21,11.3689,8.055,,
2013-06-22,11.3689,8.055,,
2013-06-23,11.3689,8.055,,
2013-06-24,11.347,7.8469,,
2013-06-25,11.343,7.7669,,
2013-06-26,11.3346,7.6697,,
2013-06-27,11.3638,7.9265,,
2013-06-28,11.4159,8.2712,,
2013-06-29,11.4159,8.2712,,
2013-06-30,11.4159,8.2712,,
2013-07-01,11.4159,8.2712,,
2013-07-02,11.4278,8.3841,,
2013-07-03,11.4013,7.9955,,
2013-07-04,11.4278,8.1942,,
2013-07-05,11.4319,8.0448,,
2013-07-06,11.4319,8.0448,,
2013-07-07,11.4319,8.0448,,
2013-07-08,11.4202,7.9343,,
2013-07-09,11.4327,7.9891,,
2013-07-10,11.4267,7.9243,,
2013-07-11,11.4561,8.1856,,
2013-07-12,11.4785,8.301,,
2013-07-13,11.4785,8.301,,
2013-07-14,11.4785,8.301,,
2013-07-15,11.4884,8.3944,,
2013-07-16,11.3373,6.8851,,
2013-07-17,11.3512,6.9627,,
2013-07-18,11.3987,7.292,,
2013-07-19,11.4042,7.2801,,
2013-07-20,11.4042,7.2801,,
2013-07-21,11.4042,7.2801,,
2013-07-22,11.3996,7.2369,,
2013-07-23,11.3776,6.9947,,
2013-07-24,11.3123,6.3246,,
2013-07-25,11.309,6.3086,,
2013-07-26,11.3168,6.4039,,
2013-07-27,11.3168,6.4039,,
2013-07-28,11.3168,6.4039,,
2013-07-29,11.3073,6.3146,,
2013-07-30,11.2922,6.0639,,
2013-07-31,11.2997,6.1234,,
2013-08-01,11.2968,6.0573,,
2013-08-02,11.2982,5.962,,
2013-08-03,11.2982,5.962,,
2013-08-04,11.2982,5.962,,
2013-08-05,11.3164,6.1327,,
2013-08-06,11.2808,5.6255,,
2013-08-07,11.2795,5.477,,
2013-08-08,11.2937,5.679,,
2013-08-09,11.2937,5.679,,
2013-08-10,11.2937,5.679,,
2013-08-11,11.2937,5.679,,
2013-08-12,11.2938,5.6799,,
2013-08-13,11.3089,5.7104,,
2013-08-14,11.3093,5.6697,,
2013-08-15,11.3093,5.6697,,
2013-08-16,11.2502,5.0409,,
2013-08-17,11.2502,5.0409,,
2013-08-18,11.2502,5.0409,,
2013-08-19,11.2127,4.6908,,
2013-08-20,11.1955,4.5302,,
2013-08-21,11.2074,4.4911,,
2013-08-22,11.2376,4.7756,,
2013-08-23,11.2661,5.007,,
2013-08-24,11.2661,5.007,,
2013-08-25,11.2661,5.007,,
2013-08-26,11.272,5.062,,
2013-08-27,11.2248,4.6514,,
2013-08-28,11.207,4.499,,
2013-08-29,11.2159,4.6181,,
2013-08-30,11.2511,4.9435,,
2013-08-31,11.2511,4.9435,,
2013-09-01,11.2511,4.9435,,
2013-09-02,11.2845,5.2551,,
2013-09-03,11.2631,4.9986,,
2013-09-04,11.3023,5.262,,
2013-09-05,11.3632,5.8756,,
2013-09-06,11.3834,5.8025,,
2013-09-07,11.3834,5.8025,,
2013-09-08,11.3834,5.8025,,
2013-09-09,11.3834,5.8025,,
2013-09-10,11.4404,6.2326,,
2013-09-11,11.4419,6.1667,,
2013-09-12,11.4345,5.9397,,
2013-09-13,11.4289,5.5953,,
2013-09-14,11.4289,5.5953,,
2013-09-15,11.4289,5.5953,,
2013-09-16,11.4212,5.5242,,
2013-09-17,11.4284,5.4991,,
2013-09-18,11.4639,5.7507,,
2013-09-19,11.5298,6.3586,,
2013-09-20,11.5249,6.0522,,
2013-09-21,11.5249,6.0522,,
2013-09-22,11.5249,6.0522,,
2013-09-23,11.5028,5.8488,,
2013-09-24,11.5002,5.821,,
2013-09-25,11.4991,5.769,,
2013-09-26,11.5116,5.811,,
2013-09-27,11.5061,5.6051,,
2013-09-28,11.5061,5.6051,,
2013-09-29,11.5061,5.6051,,
2013-09-30,11.4944,5.4977,,
2013-10-01,11.5032,5.4962,,
2013-10-02,11.5032,5.4962,,
2013-10-03,11.5414,5.7738,,
2013-10-04,11.5541,5.8485,,
2013-10-05,11.5541,5.8485,,
2013-10-06,11.5541,5.8485,,
2013-10-07,11.5643,5.9419,,
2013-10-08,11.5957,6.3933,,
2013-10-09,11.6021,6.3038,,
2013-10-10,11.6049,6.4279,,
2013-10-11,11.6206,6.3943,,
2013-10-12,11.6206,6.3943,,
2013-10-13,11.6206,6.3943,,
2013-10-14,11.6297,6.4776,,
2013-10-15,11.6176,6.2744,,
2013-10-16,11.6176,6.2744,,
2013-10-17,11.6118,6.0884,,
2013-10-18,11.6503,6.3789,,
2013-10-19,11.6503,6.3789,,
2013-10-20,11.6503,6.3789,,
2013-10-21,11.6611,6.4775,,
2013-10-22,11.6656,6.4127,,
2013-10-23,11.6584,6.4451,,
2013-10-24,11.6549,6.4131,,
2013-10-25,11.6553,6.3896,,
2013-10-26,11.6553,6.3896,,
2013-10-27,11.6553,6.3896,,
2013-10-28,11.6469,6.3129,,
2013-10-29,11.6794,6.7109,,
2013-10-30,11.6911,7.0026,,
2013-10-31,11.7066,7.1317,,
2013-11-01,11.709,6.9393,,
2013-11-02,11.709,6.9393,,
2013-11-03,11.709,6.9393,,
2013-11-04,11.709,6.9393,,
2013-11-05,11.7037,6.8168,,
2013-11-06,11.6997,6.6985,,
2013-11-07,11.6863,6.4685,,
2013-11-08,11.6835,6.61,,
2013-11-09,11.6835,6.61,,
2013-11-10,11.6835,6.61,,
2013-11-11,11.6686,6.4741,,
2013-11-12,11.6524,6.2642,,
2013-11-13,11.638,6.1329,,
2013-11-14,11.6533,6.4792,,
2013-11-15,11.6533,6.4792,,
2013-11-16,11.6533,6.4792,,
2013-11-17,11.6533,6.4792,,
2013-11-18,11.6931,6.8429,,
2013-11-19,11.6997,6.8807,,
2013-11-20,11.6855,6.7335,,
2013-11-21,11.6602,6.3897,,
2013-11-22,11.6647,6.4064,,
2013-11-23,11.6647,6.4064,,
2013-11-24,11.6647,6.4064,,
2013-11-25,11.6975,6.7056,,
2013-11-26,11.6874,6.5154,,
2013-11-27,11.6896,6.3077,,
2013-11-28,11.7007,6.4087,,
2013-11-29,11.7209,6.1599,,
2013-11-30,11.7209,6.1599,,
2013-12-01,11.7209,6.1599,,
2013-12-02,11.7376,6.3111,,
2013-12-03,11.7376,6.288,,
2013-12-04,11.7334,6.1894,,
2013-12-05,11.7619,6.3954,,
2013-12-06,11.7669,6.4348,,
2013-12-07,11.7669,6.4348,,
2013-12-08,11.7669,6.4348,,
2013-12-09,11.7909,6.6519,,
2013-12-10,11.7875,6.5729,,
2013-12-11,11.7842,6.6106,,
2013-12-12,11.7744,6.5219,,
2013-12-13,11.756,6.2718,,
2013-12-14,11.756,6.2718,,
2013-12-15,11.756,6.2718,,
2013-12-16,11.762,6.326,,
2013-12-17,11.7615,6.31,,
2013-12-18,11.7828,6.4083,,
2013-12-19,11.7787,6.2772,,
2013-12-20,11.8111,6.7535,,
2013-12-21,11.8111,6.7535,,
2013-12-22,11.8111,6.7535,,
2013-12-23,11.8142,6.7815,,
2013-12-24,11.8111,6.6571,,
2013-12-25,11.8111,6.6571,,
2013-12-26,11.8184,6.5604,,
2013-12-27,11.8261,6.6933,,
2013-12-28,11.8261,6.6933,,
2013-12-29,11.8261,6.6933,,
2013-12-30,11.8273,6.7041,,
2013-12-31,11.8352,6.7128,,
2014-01-01,11.8391,6.5213,,
2014-01-02,11.821,6.1941,,
2014-01-03,11.8239,6.0497,,
2014-01-04,11.8239,6.0497,,
2014-01-05,11.8239,6.0497,,
2014-01-06,11.8239,6.0497,,
2014-01-07,11.816,5.9997,,
2014-01-08,11.8178,5.9607,,
2014-01-09,11.8178,6.0273,,
2014-01-10,11.8255,6.083,,
2014-01-11,11.8255,6.083,,
2014-01-12,11.8255,6.083,,
2014-01-13,11.8544,6.0702,,
2014-01-14,11.8544,6.0702,,
2014-01-15,11.8681,6.132,,
2014-01-16,11.8659,6.27,,
2014-01-17,11.8517,5.9379,,
2014-01-18,11.8517,5.9379,,
2014-01-19,11.8517,5.9379,,
2014-01-20,11.8672,6.0765,,
2014-01-21,11.874,6.0482,,
2014-01-22,11.8806,6.2371,,
2014-01-23,11.8831,6.267,,
2014-01-24,11.8655,6.1951,,
2014-01-25,11.8655,6.1951,,
2014-01-26,11.8655,6.1951,,
2014-01-27,11.8387,5.9553,,
2014-01-28,11.8287,5.6106,,
2014-01-29,11.8313,5.6592,,
2014-01-30,11.8191,5.5296,,
2014-01-31,11.8282,5.848,,
2014-02-01,11.8282,5.848,,
2014-02-02,11.8282,5.848,,
2014-02-03,11.8128,5.7102,,
2014-02-04,11.8179,5.8525,,
2014-02-05,11.8265,6.0492,,
2014-02-06,11.8357,6.1574,,
2014-02-07,11.8412,6.2001,,
2014-02-08,11.8412,6.2001,,
2014-02-09,11.8412,6.2001,,
2014-02-10,11.8424,6.2108,,
2014-02-11,11.8481,6.2543,,
2014-02-12,11.8567,6.2666,,
2014-02-13,11.8314,6.0123,,
2014-02-14,11.8473,6.3664,,
2014-02-15,11.8473,6.3664,,
2014-02-16,11.8473,6.3664,,
2014-02-17,11.8593,6.4741,,
2014-02-18,11.8731,6.5225,,
2014-02-19,11.8731,6.5225,,
2014-02-20,11.8697,6.3098,,
2014-02-21,11.8839,6.7276,,
2014-02-22,11.8839,6.7276,,
2014-02-23,11.8839,6.7276,,
2014-02-24,11.8959,6.8353,,
2014-02-25,11.9005,6.8239,,
2014-02-26,11.9118,7.0906,,
2014-02-27,11.9118,7.0906,,
2014-02-28,11.9297,7.4119,,
2014-03-01,11.9297,7.4119,,
2014-03-02,11.9297,7.4119,,
2014-03-03,11.9222,7.3443,,
2014-03-04,11.9382,7.4749,,
2014-03-05,11.9574,7.352,,
2014-03-06,11.9793,7.3424,,
2014-03-07,12.0128,7.2208,,
2014-03-08,12.0128,7.2208,,
2014-03-09,12.0128,7.2208,,
2014-03-10,12.0206,7.2904,,
2014-03-11,12.0185,7.2496,,
2014-03-12,12.0218,7.3682,,
2014-03-13,12.0167,7.4455,,
2014-03-14,12.0222,7.2807,,
2014-03-15,12.0222,7.2807,,
2014-03-16,12.0222,7.2807,,
2014-03-17,12.0222,7.2807,,
2014-03-18,12.0326,7.4224,,
2014-03-19,12.0336,7.6784,,
2014-03-20,12.0289,7.7926,,
2014-03-21,12.0375,7.9868,,
2014-03-22,12.0375,7.9868,,
2014-03-23,12.0375,7.9868,,
2014-03-24,12.0736,8.3106,,
2014-03-25,12.0752,8.2803,,
2014-03-26,12.0759,8.2934,,
2014-03-27,12.092,8.4377,,
2014-03-28,12.1176,8.4728,,
2014-03-29,12.1176,8.4728,,
2014-03-30,12.1176,8.4728,,
2014-03-31,12.1176,8.4728,,
2014-04-01,12.1176,8.4728,,
2014-04-02,12.1425,8.3436,,
2014-04-03,12.14,8.4762,,
2014-04-04,12.1299,8.5489,,
2014-04-05,12.1299,8.5489,,
2014-04-06,12.1299,8.5489,,
2014-04-07,12.1355,8.5756,,
2014-04-08,12.1355,8.5756,,
2014-04-09,12.1652,8.9564,,
2014-04-10,12.167,8.7368,,
2014-04-11,12.1643,8.6292,,
2014-04-12,12.1643,8.6292,,
2014-04-13,12.1643,8.6292,,
2014-04-14,12.1643,8.6292,,
2014-04-15,12.1589,8.5141,,
2014-04-16,12.1421,8.0277,,
2014-04-17,12.1745,8.0018,,
2014-04-18,12.1745,8.0018,,
2014-04-19,12.1745,8.0018,,
2014-04-20,12.1745,8.0018,,
2014-04-21,12.1936,8.1712,,
2014-04-22,12.1965,7.9757,,
2014-04-23,12.2054,8.065,,
2014-04-24,12.2054,8.065,,
2014-04-25,12.1936,7.7735,,
2014-04-26,12.1936,7.7735,,
2014-04-27,12.1936,7.7735,,
2014-04-28,12.1941,7.7779,,
2014-04-29,12.1818,7.538,,
2014-04-30,12.1784,7.3469,,
2014-05-01,12.1784,7.3469,,
2014-05-02,12.1855,7.2478,,
2014-05-03,12.1855,7.2478,,
2014-05-04,12.1855,7.2478,,
2014-05-05,12.1881,7.2707,,
2014-05-06,12.1964,7.2352,,
2014-05-07,12.1784,6.9003,,
2014-05-08,12.1845,6.8525,,
2014-05-09,12.2469,7.2248,,
2014-05-10,12.2469,7.2248,,
2014-05-11,12.2469,7.2248,,
2014-05-12,12.3017,7.7046,,
2014-05-13,12.3307,8.0427,,
2014-05-14,12.3307,8.0427,,
2014-05-15,12.3385,7.6536,,
2014-05-16,12.3642,7.7462,,
2014-05-17,12.3642,7.7462,,
2014-05-18,12.3642,7.7462,,
2014-05-19,12.3854,7.9309,,
2014-05-20,12.3902,8.0566,,
2014-05-21,12.382,8.0859,,
2014-05-22,12.389,8.2094,,
2014-05-23,12.421,8.7634,,
2014-05-24,12.421,8.7634,,
2014-05-25,12.421,8.7634,,
2014-05-26,12.4251,8.7993,,
2014-05-27,12.4157,8.4729,,
2014-05-28,12.4244,8.4797,,
2014-05-29,12.3972,8.3359,,
2014-05-30,12.402,8.6665,,
2014-05-31,12.402,8.6665,,
2014-06-01,12.402,8.6665,,
2014-06-02,12.4474,9.0643,,
2014-06-03,12.4665,9.2719,,
2014-06-04,12.4642,9.2565,,
2014-06-05,12.4929,9.4716,,
2014-06-06,12.5314,9.8581,,
2014-06-07,12.5314,9.8581,,
2014-06-08,12.5314,9.8581,,
2014-06-09,12.5539,10.0553,,
2014-06-10,12.5624,10.1424,,
2014-06-11,12.5556,10.3372,,
2014-06-12,12.5629,10.4703,,
2014-06-13,12.5341,10.0428,,
2014-06-14,12.5341,10.0428,,
2014-06-15,12.5341,10.0428,,
2014-06-16,12.5352,10.0525,,
2014-06-17,12.5672,10.1825,,
2014-06-18,12.5471,9.9745,,
2014-06-19,12.5417,9.8511,,
2014-06-20,12.5315,10.2261,,
2014-06-21,12.5315,10.2261,,
2014-06-22,12.5315,10.2261,,
2014-06-23,12.533,10.2393,,
2014-06-24,12.5585,10.6768,,
2014-06-25,12.5573,10.7053,,
2014-06-26,12.5376,10.6135,,
2014-06-27,12.5475,9.9125,,
2014-06-28,12.5475,9.9125,,
2014-06-29,12.5475,9.9125,,
2014-06-30,12.5851,10.2419,,
2014-07-01,12.5851,10.2419,,
2014-07-02,12.6222,10.4517,,
2014-07-03,12.6224,10.7102,,
2014-07-04,12.6374,10.5451,,
2014-07-05,12.6374,10.5451,,
2014-07-06,12.6374,10.5451,,
2014-07-07,12.6538,10.6885,,
2014-07-08,12.607,10.3921,,
2014-07-09,12.5972,10.1857,,
2014-07-10,12.5925,10.2024,,
2014-07-11,12.5681,9.4925,,
2014-07-12,12.5681,9.4925,,
2014-07-13,12.5681,9.4925,,
2014-07-14,12.5697,9.5065,,
2014-07-15,12.5938,9.6219,,
2014-07-16,12.624,11.3493,,
2014-07-17,12.6324,11.2869,,
2014-07-18,12.6401,10.8372,,
2014-07-19,12.6401,10.8372,,
2014-07-20,12.6401,10.8372,,
2014-07-21,12.6478,10.9048,,
2014-07-22,12.6785,11.2188,,
2014-07-23,12.689,11.5262,,
2014-07-24,12.7003,12.2698,,
2014-07-25,12.691,12.143,,
2014-07-26,12.691,12.143,,
2014-07-27,12.691,12.143,,
2014-07-28,12.6868,12.2001,,
2014-07-29,12.6868,12.2001,,
2014-07-30,12.7026,12.49,,
2014-07-31,12.6858,12.2667,,
2014-08-01,12.6543,12.0028,,
2014-08-02,12.6543,12.0028,,
2014-08-03,12.6543,12.0028,,
2014-08-04,12.6842,12.2674,,
2014-08-05,12.7039,12.261,,
2014-08-06,12.6835,12.4344,,
2014-08-07,12.6767,12.3871,,
2014-08-08,12.6575,12.0758,,
2014-08-09,12.6575,12.0758,,
2014-08-10,12.6575,12.0758,,
2014-08-11,12.6774,12.252,,
2014-08-12,12.71,12.5396,,
2014-08-13,12.718,12.4601,,
2014-08-14,12.7365,13.2113,,
2014-08-15,12.7365,13.2113,,
2014-08-16,12.7365,13.2113,,
2014-08-17,12.7365,13.2113,,
2014-08-18,12.7365,13.2113,,
2014-08-19,12.7792,13.9708,,
2014-08-20,12.7746,14.1048,,
2014-08-21,12.7825,14.0541,,
2014-08-22,12.7906,13.5317,,
2014-08-23,12.7906,13.5317,,
2014-08-24,12.7906,13.5317,,
2014-08-25,12.7972,13.5903,,
2014-08-26,12.7976,13.5344,,
2014-08-27,12.8102,14.1241,,
2014-08-28,12.8138,13.8893,,
2014-08-29,12.8138,13.8893,,
2014-08-30,12.8138,13.8893,,
2014-08-31,12.8138,13.8893,,
2014-09-01,12.8502,14.2128,,
2014-09-02,12.8694,14.0449,,
2014-09-03,12.8836,14.3877,,
2014-09-04,12.8802,13.9609,,
2014-09-05,12.8778,13.1279,,
2014-09-06,12.8778,13.1279,,
2014-09-07,12.8778,13.1279,,
2014-09-08,12.9111,13.4204,,
2014-09-09,12.9066,13.3809,,
2014-09-10,12.889,12.6621,,
2014-09-11,12.8861,12.622,,
2014-09-12,12.8943,12.8219,,
2014-09-13,12.8943,12.8219,,
2014-09-14,12.8943,12.8219,,
2014-09-15,12.8858,12.7475,,
2014-09-16,12.8515,12.5232,,
2014-09-17,12.8681,12.5976,,
2014-09-18,12.9119,12.631,,
2014-09-19,12.9154,12.0652,,
2014-09-20,12.9154,12.0652,,
2014-09-21,12.9154,12.0652,,
2014-09-22,12.9254,12.1519,,
2014-09-23,12.8874,12.0371,,
2014-09-24,12.8853,12.0441,,
2014-09-25,12.865,11.8783,,
2014-09-26,12.8534,11.7094,,
2014-09-27,12.8534,11.7094,,
2014-09-28,12.8534,11.7094,,
2014-09-29,12.8583,11.752,,
2014-09-30,12.8604,11.884,,
2014-10-01,12.863,11.8211,,
