2013-01-02,12.4314,,,
2013-01-03,12.47,,,
2013-01-04,12.4716,,,
2013-01-05,12.4716,,,
2013-01-06,12.4716,,,
2013-01-07,12.4881,,,
2013-01-08,12.4728,,,
2013-01-09,12.4799,,,
2013-01-10,12.4789,,,
2013-01-11,12.4462,,,
2013-01-12,12.4462,,,
2013-01-13,12.4462,,,
2013-01-14,12.5208,,,
2013-01-15,12.5251,,,
2013-01-16,12.4635,,,
2013-01-17,12.4896,,,
2013-01-18,12.4964,,,
2013-01-19,12.4964,,,
2013-01-20,12.4964,,,
2013-01-21,12.5167,,,
2013-01-22,12.4901,,,
2013-01-23,12.4706,,,
2013-01-24,12.4243,,,
2013-01-25,12.4243,,,
2013-01-26,12.4243,,,
2013-01-27,12.4243,,,
2013-01-28,12.4887,,,
2013-01-29,12.4643,,,
2013-01-30,12.4535,,,
2013-01-31,12.4485,,,
2013-02-01,12.4341,,,
2013-02-02,12.4341,,,
2013-02-03,12.4341,,,
2013-02-04,12.4045,,,
2013-02-05,12.3901,,,
2013-02-06,12.3953,,,
2013-02-07,12.3884,,,
2013-02-08,12.3706,,,
2013-02-09,12.3706,,,
2013-02-10,12.3706,,,
2013-02-11,12.3671,,,
2013-02-12,12.3644,,,
2013-02-13,12.3563,,,
2013-02-14,12.3078,,,
2013-02-15,12.2957,,,
2013-02-16,12.2957,,,
2013-02-17,12.2957,,,
2013-02-18,12.2979,,,
2013-02-19,12.2979,,,
2013-02-20,12.3496,,,
2013-02-21,12.2611,,,
2013-02-22,12.2691,,,
2013-02-23,12.2691,,,
2013-02-24,12.2691,,,
2013-02-25,12.2447,,,
2013-02-26,12.1798,,,
2013-02-27,12.2399,,,
2013-02-28,12.1545,,,
2013-03-01,12.1521,,,
2013-03-02,12.1521,,,
2013-03-03,12.1521,,,
2013-03-04,12.1267,,,
2013-03-05,12.1906,,,
2013-03-06,12.2437,,,
2013-03-07,12.2698,,,
2013-03-08,12.3088,,,
2013-03-09,12.3088,,,
2013-03-10,12.3088,,,
2013-03-11,12.3081,,,
2013-03-12,12.279,,,
2013-03-13,12.2362,,,
2013-03-14,12.2874,,,
2013-03-15,12.2771,,,
2013-03-16,12.2771,,,
2013-03-17,12.2771,,,
2013-03-18,12.2432,,,
2013-03-19,12.176,,,
2013-03-20,12.1121,,,
2013-03-21,12.0875,,,
2013-03-22,12.0795,,,
2013-03-23,12.0795,,,
2013-03-24,12.0795,,,
2013-03-25,12.0793,,,
2013-03-26,12.0611,,,
2013-03-27,12.0611,,,
2013-03-28,12.0998,,,
2013-03-29,12.0998,,,
2013-03-30,12.0998,,,
2013-03-31,12.0998,,,
2013-04-01,12.0998,,,
2013-04-02,12.1616,,,
2013-04-03,12.1201,,,
2013-04-04,12.0962,,,
2013-04-05,12.1176,,,
2013-04-06,12.1176,,,
2013-04-07,12.1176,,,
2013-04-08,12.1435,,,
2013-04-09,12.1262,,,
2013-04-10,12.149,,,
2013-04-11,12.149,,,
2013-04-12,12.1417,,,
2013-04-13,12.1417,,,
2013-04-14,12.1417,,,
2013-04-15,12.1076,,,
2013-04-16,12.1496,,,
2013-04-17,12.1575,,,
2013-04-18,12.1987,,,
2013-04-19,12.1987,,,
2013-04-20,12.1987,,,
2013-04-21,12.1987,,,
2013-04-22,12.2391,,,
2013-04-23,12.2374,,,
2013-04-24,12.2374,,,
2013-04-25,12.2786,,,
2013-04-26,12.2864,,,
2013-04-27,12.2864,,,
2013-04-28,12.2864,,,
2013-04-29,12.3113,,,
2013-04-30,12.3302,,,
2013-05-01,12.3302,,,
2013-05-02,12.3663,,,
2013-05-03,12.3443,,,
2013-05-04,12.3443,,,
2013-05-05,12.3443,,,
2013-05-06,12.3607,,,
2013-05-07,12.3831,,,
2013-05-08,12.3952,,,
2013-05-09,12.4203,,,
2013-05-10,12.4386,,,
2013-05-11,12.4386,,,
2013-05-12,12.4386,,,
2013-05-13,12.406,,,
2013-05-14,12.4576,,,
2013-05-15,12.5346,,,
2013-05-16,12.5543,,,
2013-05-17,12.5663,,,
2013-05-18,12.5663,,,
2013-05-19,12.5663,,,
2013-05-20,12.5447,,,
2013-05-21,12.539,,,
2013-05-22,12.523,,,
2013-05-23,12.4502,,,
2013-05-24,12.4748,,,
2013-05-25,12.4748,,,
2013-05-26,12.4748,,,
2013-05-27,12.5037,,,
2013-05-28,12.5182,,,
2013-05-29,12.5022,,,
2013-05-30,12.4924,,,
2013-05-31,12.4453,,,
2013-06-01,12.4453,,,
2013-06-02,12.4453,,,
2013-06-03,12.433,,,
2013-06-04,12.447,,,
2013-06-05,12.4449,,,
2013-06-06,12.4529,,,
2013-06-07,12.4481,,,
2013-06-08,12.4481,,,
2013-06-09,12.4481,,,
2013-06-10,12.4211,,,
2013-06-11,12.3874,,,
2013-06-12,12.3802,,,
2013-06-13,12.361,,,
2013-06-14,12.3904,,,
2013-06-15,12.3904,,,
2013-06-16,12.3904,,,
2013-06-17,12.4268,,,
2013-06-18,12.4261,,,
2013-06-19,12.435,,,
2013-06-20,12.3108,,,
2013-06-21,12.3086,,,
2013-06-22,12.3086,,,
2013-06-23,12.3086,,,
2013-06-24,12.2509,,,
2013-06-25,12.2547,,,
2013-06-26,12.2034,,,
2013-06-27,12.2413,,,
2013-06-28,12.3126,,,
2013-06-29,12.3126,,,
2013-06-30,12.3126,,,
2013-07-01,12.3126,,,
2013-07-02,12.3475,,,
2013-07-03,12.2812,,,
2013-07-04,12.3324,,,
2013-07-05,12.3242,,,
2013-07-06,12.3242,,,
2013-07-07,12.3242,,,
2013-07-08,12.2807,,,
2013-07-09,12.3043,,,
2013-07-10,12.3068,,,
2013-07-11,12.3454,,,
2013-07-12,12.3539,,,
2013-07-13,12.3539,,,
2013-07-14,12.3539,,,
2013-07-15,12.3554,,,
2013-07-16,12.1493,,,
2013-07-17,12.159,,,
2013-07-18,12.204,,,
2013-07-19,12.2172,,,
2013-07-20,12.2172,,,
2013-07-21,12.2172,,,
2013-07-22,12.2073,,,
2013-07-23,12.1882,,,
2013-07-24,12.1101,,,
2013-07-25,12.112,,,
2013-07-26,12.1635,,,
2013-07-27,12.1635,,,
2013-07-28,12.1635,,,
2013-07-29,12.1728,,,
2013-07-30,12.1281,,,
2013-07-31,12.132,,,
2013-08-01,12.1398,,,
2013-08-02,12.0939,,,
2013-08-03,12.0939,,,
2013-08-04,12.0939,,,
2013-08-05,12.1476,,,
2013-08-06,12.1051,,,
2013-08-07,12.1116,,,
2013-08-08,12.1339,,,
2013-08-09,12.1339,,,
2013-08-10,12.1339,,,
2013-08-11,12.1339,,,
2013-08-12,12.1472,,,
2013-08-13,12.1537,,,
2013-08-14,12.1299,,,
2013-08-15,12.1299,,,
2013-08-16,12.0371,,,
2013-08-17,12.0371,,,
2013-08-18,12.0371,,,
2013-08-19,11.9049,,,
2013-08-20,12.0054,,,
2013-08-21,12.1808,,,
2013-08-22,12.2031,,,
2013-08-23,12.2185,,,
2013-08-24,12.2185,,,
2013-08-25,12.2185,,,
2013-08-26,12.2236,,,
2013-08-27,12.1306,,,
2013-08-28,12.0742,,,
2013-08-29,12.1042,,,
2013-08-30,12.1363,,,
2013-08-31,12.1363,,,
2013-09-01,12.1363,,,
2013-09-02,12.1942,,,
2013-09-03,12.1798,,,
2013-09-04,12.2355,,,
2013-09-05,12.2648,,,
2013-09-06,12.23,,,
2013-09-07,12.23,,,
2013-09-08,12.23,,,
2013-09-09,12.23,,,
2013-09-10,12.2833,,,
2013-09-11,12.2886,,,
2013-09-12,12.2477,,,
2013-09-13,12.2369,,,
2013-09-14,12.2369,,,
2013-09-15,12.2369,,,
2013-09-16,12.2639,,,
2013-09-17,12.2795,,,
2013-09-18,12.3031,,,
2013-09-19,12.4144,,,
2013-09-20,12.297,,,
2013-09-21,12.297,,,
2013-09-22,12.297,,,
2013-09-23,12.2118,,,
2013-09-24,12.2029,,,
2013-09-25,12.213,,,
2013-09-26,12.2534,,,
2013-09-27,12.2532,,,
2013-09-28,12.2532,,,
2013-09-29,12.2532,,,
2013-09-30,12.2504,,,
2013-10-01,12.2605,,,
2013-10-02,12.2605,,,
2013-10-03,12.3103,,,
2013-10-04,12.3414,,,
2013-10-05,12.3414,,,
2013-10-06,12.3414,,,
2013-10-07,12.3436,,,
2013-10-08,12.4441,,,
2013-10-09,12.4564,,,
2013-10-10,12.4711,,,
2013-10-11,12.4641,,,
2013-10-12,12.4641,,,
2013-10-13,12.4641,,,
2013-10-14,12.445,,,
2013-10-15,12.4094,,,
2013-10-16,12.4094,,,
2013-10-17,12.4355,,,
2013-10-18,12.4823,,,
2013-10-19,12.4823,,,
2013-10-20,12.4823,,,
2013-10-21,12.4806,,,
2013-10-22,12.49,,,
2013-10-23,12.4975,,,
2013-10-24,12.4979,,,
2013-10-25,12.5025,,,
2013-10-26,12.5025,,,
2013-10-27,12.5025,,,
2013-10-28,12.4853,,,
2013-10-29,12.5143,,,
2013-10-30,12.5279,,,
2013-10-31,12.5151,,,
2013-11-01,12.4991,,,
2013-11-02,12.4991,,,
2013-11-03,12.4991,,,
2013-11-04,12.4991,,,
2013-11-05,12.4758,,,
2013-11-06,12.4678,,,
2013-11-07,12.4434,,,
2013-11-08,12.4179,,,
2013-11-09,12.4179,,,
2013-11-10,12.4179,,,
2013-11-11,12.4069,,,
2013-11-12,12.3782,,,
2013-11-13,12.4115,,,
2013-11-14,12.4024,,,
2013-11-15,12.4024,,,
2013-11-16,12.4024,,,
2013-11-17,12.4024,,,
2013-11-18,12.4583,,,
2013-11-19,12.4726,,,
2013-11-20,12.4508,,,
2013-11-21,12.4132,,,
2013-11-22,12.4159,,,
2013-11-23,12.4159,,,
2013-11-24,12.4159,,,
2013-11-25,12.4472,,,
2013-11-26,12.4647,,,
2013-11-27,12.4885,,,
2013-11-28,12.4907,,,
2013-11-29,12.5043,,,
2013-11-30,12.5043,,,
2013-12-01,12.5043,,,
2013-12-02,12.5196,,,
2013-12-03,12.5143,,,
2013-12-04,12.5105,,,
2013-12-05,12.5231,,,
2013-12-06,12.4989,,,
2013-12-07,12.4989,,,
2013-12-08,12.4989,,,
2013-12-09,12.4957,,,
2013-12-10,12.5153,,,
2013-12-11,12.506,,,
2013-12-12,12.4837,,,
2013-12-13,12.4424,,,
2013-12-14,12.4424,,,
2013-12-15,12.4424,,,
2013-12-16,12.4673,,,
2013-12-17,12.4511,,,
2013-12-18,12.4958,,,
2013-12-19,12.5197,,,
2013-12-20,12.5389,,,
2013-12-21,12.5389,,,
2013-12-22,12.5389,,,
2013-12-23,12.5421,,,
2013-12-24,12.5264,,,
2013-12-25,12.5264,,,
2013-12-26,12.534,,,
2013-12-27,12.5316,,,
2013-12-28,12.5316,,,
2013-12-29,12.5316,,,
2013-12-30,12.5483,,,
2013-12-31,12.566,,,
2014-01-01,12.5551,,,
2014-01-02,12.5414,0.8849,,
2014-01-03,12.5479,0.6118,,
2014-01-04,12.5479,0.6118,,
2014-01-05,12.5479,0.6118,,
2014-01-06,12.5618,0.7232,,
2014-01-07,12.5552,0.5373,,
2014-01-08,12.5552,0.6606,,
2014-01-09,12.5601,0.6426,,
2014-01-10,12.5904,1.1586,,
2014-01-11,12.5904,1.1586,,
2014-01-12,12.5904,1.1586,,
2014-01-13,12.639,0.944,,
2014-01-14,12.639,0.944,,
2014-01-15,12.6675,1.1369,,
2014-01-16,12.6737,1.6865,,
2014-01-17,12.6487,1.2188,,
2014-01-18,12.6487,1.2188,,
2014-01-19,12.6487,1.2188,,
2014-01-20,12.7046,1.6661,,
2014-01-21,12.711,1.5523,,
2014-01-22,12.7041,1.7134,,
2014-01-23,12.6988,1.8299,,
2014-01-24,12.6633,1.9236,,
2014-01-25,12.6633,1.9236,,
2014-01-26,12.6633,1.9236,,
2014-01-27,12.6244,1.6106,,
2014-01-28,12.6128,0.9937,,
2014-01-29,12.6104,1.1721,,
2014-01-30,12.5843,1.0503,,
2014-01-31,12.6115,1.4267,,
2014-02-01,12.6115,1.4267,,
2014-02-02,12.6115,1.4267,,
2014-02-03,12.6016,1.3471,,
2014-02-04,12.6244,1.7727,,
2014-02-05,12.6289,1.9273,,
2014-02-06,12.6288,1.8838,,
2014-02-07,12.6277,2.0783,,
2014-02-08,12.6277,2.0783,,
2014-02-09,12.6277,2.0783,,
2014-02-10,12.645,2.2182,,
2014-02-11,12.6399,2.2059,,
2014-02-12,12.6306,2.153,,
2014-02-13,12.5847,1.8484,,
2014-02-14,12.6203,2.6399,,
2014-02-15,12.6203,2.6399,,
2014-02-16,12.6203,2.6399,,
2014-02-17,12.6366,2.7725,,
2014-02-18,12.6542,2.8972,,
2014-02-19,12.6542,2.8972,,
2014-02-20,12.6483,2.4187,,
2014-02-21,12.6576,3.1665,,
2014-02-22,12.6576,3.1665,,
2014-02-23,12.6576,3.1665,,
2014-02-24,12.6467,3.0777,,
2014-02-25,12.6564,3.3623,,
2014-02-26,12.6587,3.4216,,
2014-02-27,12.6587,3.4216,,
2014-02-28,12.6871,4.4025,,
2014-03-01,12.6871,4.4025,,
2014-03-02,12.6871,4.4025,,
2014-03-03,12.6795,4.34,,
2014-03-04,12.7101,4.8109,,
2014-03-05,12.7163,4.3123,,
2014-03-06,12.7537,4.1654,,
2014-03-07,12.7781,3.8127,,
2014-03-08,12.7781,3.8127,,
2014-03-09,12.7781,3.8127,,
2014-03-10,12.7953,3.9525,,
2014-03-11,12.8063,4.0477,,
2014-03-12,12.8129,4.3481,,
2014-03-13,12.8039,4.6395,,
2014-03-14,12.7947,4.216,,
2014-03-15,12.7947,4.216,,
2014-03-16,12.7947,4.216,,
2014-03-17,12.7947,4.216,,
2014-03-18,12.803,4.5723,,
2014-03-19,12.8242,5.3236,,
2014-03-20,12.8002,5.6811,,
2014-03-21,12.8242,6.165,,
2014-03-22,12.8242,6.165,,
2014-03-23,12.8242,6.165,,
2014-03-24,12.8535,6.4075,,
2014-03-25,12.8429,6.3216,,
2014-03-26,12.8586,6.6122,,
2014-03-27,12.8716,6.72,,
2014-03-28,12.8967,6.5861,,
2014-03-29,12.8967,6.5861,,
2014-03-30,12.8967,6.5861,,
2014-03-31,12.8967,6.5861,,
2014-04-01,12.8967,6.5861,,
2014-04-02,12.8656,5.7887,,
2014-04-03,12.8533,6.0495,,
2014-04-04,12.8156,5.7602,,
2014-04-05,12.8156,5.7602,,
2014-04-06,12.8156,5.7602,,
2014-04-07,12.8029,5.4301,,
2014-04-08,12.8029,5.4301,,
2014-04-09,12.8625,6.072,,
2014-04-10,12.8844,6.0532,,
2014-04-11,12.9104,6.3311,,
2014-04-12,12.9104,6.3311,,
2014-04-13,12.9104,6.3311,,
2014-04-14,12.9104,6.3311,,
2014-04-15,12.9066,6.5992,,
2014-04-16,12.8764,5.9821,,
2014-04-17,12.9703,6.3253,,
2014-04-18,12.9703,6.3253,,
2014-04-19,12.9703,6.3253,,
2014-04-20,12.9703,6.3253,,
2014-04-21,12.9983,6.5548,,
2014-04-22,13.0088,6.2889,,
2014-04-23,13.0348,6.5161,,
2014-04-24,13.0348,6.5161,,
2014-04-25,13.0243,6.0058,,
2014-04-26,13.0243,6.0058,,
2014-04-27,13.0243,6.0058,,
2014-04-28,13.0507,6.2207,,
2014-04-29,13.0542,6.0343,,
2014-04-30,13.0474,5.8166,,
2014-05-01,13.0474,5.8166,,
2014-05-02,13.068,5.8626,,
2014-05-03,13.068,5.8626,,
2014-05-04,13.068,5.8626,,
2014-05-05,13.0933,6.0676,,
2014-05-06,13.0995,5.977,,
2014-05-07,13.066,5.5148,,
2014-05-08,13.079,5.5167,,
2014-05-09,13.143,5.663,,
2014-05-10,13.143,5.663,,
2014-05-11,13.143,5.663,,
2014-05-12,13.2049,6.1607,,
2014-05-13,13.232,6.2163,,
2014-05-14,13.232,6.2163,,
2014-05-15,13.235,5.5877,,
2014-05-16,13.2332,5.3071,,
2014-05-17,13.2332,5.3071,,
2014-05-18,13.2332,5.3071,,
2014-05-19,13.2288,5.272,,
2014-05-20,13.2444,5.5777,,
2014-05-21,13.2582,5.7357,,
2014-05-22,13.266,5.9331,,
2014-05-23,13.3456,6.9805,,
2014-05-24,13.3456,6.9805,,
2014-05-25,13.3456,6.9805,,
2014-05-26,13.3281,6.8402,,
2014-05-27,13.3224,6.5477,,
2014-05-28,13.3274,6.4642,,
2014-05-29,13.2985,6.3693,,
2014-05-30,13.311,6.956,,
2014-05-31,13.311,6.956,,
2014-06-01,13.311,6.956,,
2014-06-02,13.359,7.3417,,
2014-06-03,13.396,7.7455,,
2014-06-04,13.4215,7.8292,,
2014-06-05,13.5007,8.4838,,
2014-06-06,13.5705,9.0166,,
2014-06-07,13.5705,9.0166,,
2014-06-08,13.5705,9.0166,,
2014-06-09,13.6105,9.338,,
2014-06-10,13.6096,9.5684,,
2014-06-11,13.5791,9.6203,,
2014-06-12,13.5843,9.726,,
2014-06-13,13.5245,9.1531,,
2014-06-14,13.5245,9.1531,,
2014-06-15,13.5245,9.1531,,
2014-06-16,13.5295,9.1934,,
2014-06-17,13.5966,9.4135,,
2014-06-18,13.5436,8.9932,,
2014-06-19,13.5272,8.7833,,
2014-06-20,13.4856,9.5624,,
2014-06-21,13.4856,9.5624,,
2014-06-22,13.4856,9.5624,,
2014-06-23,13.4699,9.4349,,
2014-06-24,13.5345,10.4776,,
2014-06-25,13.5417,10.5021,,
2014-06-26,13.5047,10.6634,,
2014-06-27,13.4956,9.608,,
2014-06-28,13.4956,9.608,,
2014-06-29,13.4956,9.608,,
2014-06-30,13.5568,10.1051,,
2014-07-01,13.5855,10.3382,,
2014-07-02,13.6657,10.6758,,
2014-07-03,13.6638,11.2579,,
2014-07-04,13.6899,11.0814,,
2014-07-05,13.6899,11.0814,,
2014-07-06,13.6899,11.0814,,
2014-07-07,13.6891,11.075,,
2014-07-08,13.5656,10.4628,,
2014-07-09,13.5395,10.0388,,
2014-07-10,13.5556,10.1472,,
2014-07-11,13.4453,8.8345,,
2014-07-12,13.4453,8.8345,,
2014-07-13,13.4453,8.8345,,
2014-07-14,13.4453,8.8345,,
2014-07-15,13.5171,9.4024,,
2014-07-16,13.5836,11.8056,,
2014-07-17,13.6145,11.9706,,
2014-07-18,13.5936,11.2661,,
2014-07-19,13.5936,11.2661,,
2014-07-20,13.5936,11.2661,,
2014-07-21,13.6235,11.5108,,
2014-07-22,13.6449,11.7766,,
2014-07-23,13.6469,11.9681,,
2014-07-24,13.6637,12.829,,
2014-07-25,13.6004,11.8132,,
2014-07-26,13.6004,11.8132,,
2014-07-27,13.6004,11.8132,,
2014-07-28,13.5831,11.5857,,
2014-07-29,13.5831,11.5857,,
2014-07-30,13.5858,12.0192,,
2014-07-31,13.5758,11.9008,,
2014-08-01,13.5575,12.102,,
2014-08-02,13.5575,12.102,,
2014-08-03,13.5575,12.102,,
2014-08-04,13.5956,12.417,,
2014-08-05,13.588,11.8575,,
2014-08-06,13.5612,12.0288,,
2014-08-07,13.5744,12.0777,,
2014-08-08,13.5428,11.6113,,
2014-08-09,13.5428,11.6113,,
2014-08-10,13.5428,11.6113,,
2014-08-11,13.5674,11.814,,
2014-08-12,13.6094,12.0373,,
2014-08-13,13.5916,11.831,,
2014-08-14,13.634,13.2665,,
2014-08-15,13.634,13.2665,,
2014-08-16,13.634,13.2665,,
2014-08-17,13.634,13.2665,,
2014-08-18,13.634,13.2665,,
2014-08-19,13.7342,15.3659,,
2014-08-20,13.7491,14.5243,,
2014-08-21,13.7485,12.8703,,
2014-08-22,13.7683,12.684,,
2014-08-23,13.7683,12.684,,
2014-08-24,13.7683,12.684,,
2014-08-25,13.7433,12.4794,,
2014-08-26,13.7405,12.4096,,
2014-08-27,13.7691,13.5072,,
2014-08-28,13.7781,13.528,,
2014-08-29,13.7781,13.528,,
2014-08-30,13.7781,13.528,,
2014-08-31,13.7781,13.528,,
2014-09-01,13.8425,14.0587,,
2014-09-02,13.8543,13.6138,,
2014-09-03,13.8725,13.8976,,
2014-09-04,13.8614,13.2884,,
2014-09-05,13.8674,13.3884,,
2014-09-06,13.8674,13.3884,,
2014-09-07,13.8674,13.3884,,
2014-09-08,13.9127,13.7588,,
2014-09-09,13.917,13.7939,,
2014-09-10,13.8984,13.1487,,
2014-09-11,13.911,13.2025,,
2014-09-12,13.9077,13.6538,,
2014-09-13,13.9077,13.6538,,
2014-09-14,13.9077,13.6538,,
2014-09-15,13.9112,13.6824,,
2014-09-16,13.8288,12.7602,,
2014-09-17,13.8441,12.7416,,
2014-09-18,13.9203,13.1447,,
2014-09-19,13.9082,13.1024,,
2014-09-20,13.9082,13.1024,,
2014-09-21,13.9082,13.1024,,
2014-09-22,13.9257,13.2447,,
2014-09-23,13.8805,13.6647,,
2014-09-24,13.8692,13.655,,
2014-09-25,13.797,12.9698,,
2014-09-26,13.8616,13.1264,,
2014-09-27,13.8616,13.1264,,
2014-09-28,13.8616,13.1264,,
2014-09-29,13.8694,13.19,,
2014-09-30,13.8512,13.0673,,
2014-10-01,13.8512,12.2336,,
2014-10-02,13.8512,12.2336,,
2014-10-03,13.8512,12.2336,,
2014-10-04,13.8512,12.2336,,
2014-10-05,13.8512,12.2336,,
2014-10-06,13.8512,12.2336,,
2014-10-07,13.8159,11.9276,,
2014-10-08,13.8351,11.178,,
2014-10-09,13.8816,11.4415,,
2014-10-10,13.841,11.0469,,
2014-10-11,13.841,11.0469,,
2014-10-12,13.841,11.0469,,
2014-10-13,13.8682,11.2652,,
2014-10-14,13.8809,11.8579,,
2014-10-15,13.8809,11.8579,,
2014-10-16,13.8451,11.5695,,
2014-10-17,13.8515,10.9691,,
2014-10-18,13.8515,10.9691,,
2014-10-19,13.8515,10.9691,,
2014-10-20,13.9137,11.4674,,
2014-10-21,13.9535,11.8015,,
2014-10-22,13.9864,11.8688,,
2014-10-23,13.9864,11.8688,,
2014-10-24,13.9864,11.8688,,
2014-10-25,13.9864,11.8688,,
2014-10-26,13.9864,11.8688,,
2014-10-27,13.9801,11.8184,,
2014-10-28,13.9893,12.0462,,
2014-10-29,14.0059,11.9192,,
2014-10-30,14.0294,11.9852,,
2014-10-31,14.0774,12.6273,,
2014-11-01,14.0774,12.6273,,
2014-11-02,14.0774,12.6273,,
2014-11-03,14.1043,12.8425,,
2014-11-04,14.1043,12.8425,,
2014-11-05,14.1253,13.2942,,
2014-11-06,14.1253,13.2942,,
2014-11-07,14.1428,13.8904,,
2014-11-08,14.1428,13.8904,,
2014-11-09,14.1428,13.8904,,
2014-11-10,14.1397,13.8655,,
2014-11-11,14.1544,14.0849,,
2014-11-12,14.1879,14.6201,,
2014-11-13,14.1562,14.0571,,
2014-11-14,14.198,14.4778,,
2014-11-15,14.198,14.4778,,
2014-11-16,14.198,14.4778,,
2014-11-17,14.2699,15.0576,,
2014-11-18,14.2965,14.7548,,
2014-11-19,14.2716,14.4236,,
2014-11-20,14.2658,14.5774,,
2014-11-21,14.2761,14.9824,,
2014-11-22,14.2761,14.9824,,
2014-11-23,14.2761,14.9824,,
2014-11-24,14.3075,15.2353,,
2014-11-25,14.2625,14.584,,
2014-11-26,14.2674,14.4624,,
2014-11-27,14.2783,14.3316,,
2014-11-28,14.3517,14.7741,,
2014-11-29,14.3517,14.7741,,
2014-11-30,14.3517,14.7741,,
2014-12-01,14.3338,14.631,,
2014-12-02,14.3984,15.0069,,
2014-12-03,14.4478,15.4503,,
2014-12-04,14.4798,15.7412,,
2014-12-05,14.4568,15.6646,,
2014-12-06,14.4568,15.6646,,
2014-12-07,14.4568,15.6646,,
2014-12-08,14.4277,15.4318,,
2014-12-09,14.362,14.9355,,
2014-12-10,14.411,15.1471,,
2014-12-11,14.3913,15.0752,,
2014-12-12,14.3695,15.4882,,
2014-12-13,14.3695,15.4882,,
2014-12-14,14.3695,15.4882,,
2014-12-15,14.3665,15.4641,,
2014-12-16,14.2286,14.1274,,
2014-12-17,14.2505,14.4517,,
2014-12-18,14.3725,15.0186,,
2014-12-19,14.3709,14.6105,,
2014-12-20,14.3709,14.6105,,
2014-12-21,14.3709,14.6105,,
2014-12-22,14.4068,14.8968,,
2014-12-23,14.3834,14.681,,
2014-12-24,14.3537,14.5876,,
2014-12-25,14.3537,14.5876,,
2014-12-26,14.3655,14.6342,,
2014-12-27,14.3655,14.6342,,
2014-12-28,14.3655,14.6342,,
2014-12-29,14.4104,14.9925,,
2014-12-30,14.4501,15.1558,,
2014-12-31,14.4886,15.3,,
2015-01-01,14.4842,15.3651,,
2015-01-02,14.5104,15.6401,,
2015-01-03,14.5104,15.6401,,
2015-01-04,14.5104,15.6401,,
2015-01-05,14.507,15.613,,
2015-01-06,14.4163,14.763,,
2015-01-07,14.4522,15.1093,,
2015-01-08,14.5066,15.5426,,
2015-01-09,14.5144,15.2815,,
2015-01-10,14.5144,15.2815,,
2015-01-11,14.5144,15.2815,,
2015-01-12,14.5631,15.6683,,
2015-01-13,14.5872,15.4142,,
2015-01-14,14.5773,15.3359,,
2015-01-15,14.6858,15.9329,,
2015-01-16,14.6974,16.1969,,
2015-01-17,14.6974,16.1969,,
2015-01-18,14.6974,16.1969,,
2015-01-19,14.7142,16.3297,,
2015-01-20,14.7554,16.1422,,
2015-01-21,14.7832,16.3024,,
2015-01-22,14.807,16.5529,,
2015-01-23,14.8124,16.9711,,
2015-01-24,14.8124,16.9711,,
2015-01-25,14.8124,16.9711,,
2015-01-26,14.8124,16.9711,,
2015-01-27,14.8341,17.5034,,
2015-01-28,14.8551,17.778,,
2015-01-29,14.8359,17.6481,,
2015-01-30,14.7979,17.3366,,
2015-01-31,14.7979,17.3366,,
2015-02-01,14.7979,17.3366,,
2015-02-02,14.8232,17.5372,,
2015-02-03,14.7741,17.2399,,
2015-02-04,14.7427,16.7794,,
2015-02-05,14.721,16.566,,
2015-02-06,14.7105,16.4939,,
2015-02-07,14.7105,16.4939,,
2015-02-08,14.7105,16.4939,,
2015-02-09,14.6409,15.9427,,
2015-02-10,14.6807,16.0989,,
2015-02-11,14.7435,16.6425,,
2015-02-12,14.7703,16.9406,,
2015-02-13,14.8314,17.5202,,
2015-02-14,14.8314,17.5202,,
2015-02-15,14.8314,17.5202,,
2015-02-16,14.8191,17.2713,,
2015-02-17,14.8191,17.2713,,
2015-02-18,14.8336,17.2227,,
2015-02-19,14.8336,17.2227,,
2015-02-20,14.8437,17.271,,
2015-02-21,14.8437,17.271,,
2015-02-22,14.8437,17.271,,
2015-02-23,14.808,16.989,,
2015-02-24,14.7948,16.9855,,
2015-02-25,14.8145,17.0515,,
2015-02-26,14.75,16.5207,,
2015-02-27,14.8301,16.8912,,
2015-02-28,14.8301,16.8912,,
2015-03-01,14.8301,16.8912,,
2015-03-02,14.9284,17.666,,
2015-03-03,14.9572,17.9636,,
2015-03-04,14.9448,17.5821,,
2015-03-05,14.943,16.9423,,
2015-03-06,14.943,16.9423,,
2015-03-07,14.943,16.9423,,
2015-03-08,14.943,16.9423,,
2015-03-09,14.8687,16.3608,,
2015-03-10,14.8627,16.1575,,
2015-03-11,14.8538,15.9882,,
2015-03-12,14.9042,16.3218,,
2015-03-13,14.855,16.1028,,
2015-03-14,14.855,16.1028,,
2015-03-15,14.855,16.1028,,
2015-03-16,14.8291,15.9003,,
2015-03-17,14.8756,16.2638,,
2015-03-18,14.87,16.1447,,
2015-03-19,14.8434,15.7452,,
2015-03-20,14.8029,15.4294,,
2015-03-21,14.8029,15.4294,,
2015-03-22,14.8029,15.4294,,
2015-03-23,14.7547,15.0536,,
2015-03-24,14.7551,14.7944,,
2015-03-25,14.737,14.7482,,
2015-03-26,14.7021,14.3367,,
2015-03-27,14.7074,14.04,,
2015-03-28,14.7074,14.04,,
2015-03-29,14.7074,14.04,,
2015-03-30,14.7875,14.6611,,
2015-03-31,14.8095,15.5584,,
2015-04-01,14.8095,15.5584,,
2015-04-02,14.8095,15.5584,,
2015-04-03,14.8095,15.5584,,
2015-04-04,14.8095,15.5584,,
2015-04-05,14.8095,15.5584,,
2015-04-06,14.9376,16.5579,,
2015-04-07,14.9234,16.5627,,
2015-04-08,14.941,16.7001,,
2015-04-09,14.9394,16.1469,,
2015-04-10,14.9303,15.6455,,
2015-04-11,14.9303,15.6455,,
2015-04-12,14.9303,15.6455,,
2015-04-13,14.9584,15.8632,,
2015-04-14,14.9584,15.8632,,
2015-04-15,14.9363,15.7261,,
2015-04-16,14.9144,15.8274,,
2015-04-17,14.8857,14.7676,,
2015-04-18,14.8857,14.7676,,
2015-04-19,14.8857,14.7676,,
2015-04-20,14.8398,14.4137,,
2015-04-21,14.8495,14.2419,,
2015-04-22,14.8474,14.1335,,
2015-04-23,14.8254,13.7371,,
2015-04-24,14.7376,13.1546,,
2015-04-25,14.7376,13.1546,,
2015-04-26,14.7376,13.1546,,
2015-04-27,14.6628,12.5803,,
2015-04-28,14.7452,12.984,,
2015-04-29,14.7384,12.9016,,
2015-04-30,14.692,12.4273,,
2015-05-01,14.692,12.4273,,
2015-05-02,14.692,12.4273,,
2015-05-03,14.692,12.4273,,
2015-05-04,14.692,12.4273,,
2015-05-05,14.7424,12.595,,
2015-05-06,14.6232,11.6317,,
2015-05-07,14.5329,11.2268,,
2015-05-08,14.5757,10.9009,,
2015-05-09,14.5757,10.9009,,
2015-05-10,14.5757,10.9009,,
2015-05-11,14.703,11.8694,,
2015-05-12,14.6145,10.6748,,
2015-05-13,14.6622,10.8086,,
2015-05-14,14.6937,11.0467,,
2015-05-15,14.7049,11.1213,,
2015-05-16,14.7049,11.1213,,
2015-05-17,14.7049,11.1213,,
2015-05-18,14.7717,11.6261,,
2015-05-19,14.8028,11.8983,,
2015-05-20,14.8171,11.8745,,
2015-05-21,14.8092,11.6984,,
2015-05-22,14.8136,10.9999,,
2015-05-23,14.8136,10.9999,,
2015-05-24,14.8136,10.9999,,
2015-05-25,14.7922,10.8395,,
2015-05-26,14.7672,10.7975,,
2015-05-27,14.774,10.8959,,
2015-05-28,14.7716,10.8363,,
2015-05-29,14.8435,11.513,,
2015-05-30,14.8435,11.513,,
2015-05-31,14.8435,11.513,,
2015-06-01,14.8239,11.3658,,
2015-06-02,14.7338,10.2912,,
2015-06-03,14.7015,9.7454,,
2015-06-04,14.7071,9.5787,,
2015-06-05,14.7119,8.4109,,
2015-06-06,14.7119,8.4109,,
2015-06-07,14.7119,8.4109,,
2015-06-08,14.6839,8.2046,,
2015-06-09,14.691,7.9387,,
2015-06-10,14.7142,8.1163,,
2015-06-11,14.6272,7.7185,,
2015-06-12,14.6445,8.2813,,
2015-06-13,14.6445,8.2813,,
2015-06-14,14.6445,8.2813,,
2015-06-15,14.6796,8.5408,,
2015-06-16,14.7038,8.6796,,
2015-06-17,14.7422,8.4256,,
2015-06-18,14.8139,9.3793,,
2015-06-19,14.8512,10.1264,,
2015-06-20,14.8512,10.1264,,
2015-06-21,14.8512,10.1264,,
2015-06-22,14.89,10.4141,,
2015-06-23,14.9043,10.6489,,
2015-06-24,14.8654,9.8334,,
2015-06-25,14.8674,9.7898,,
2015-06-26,14.8693,10.1789,,
2015-06-27,14.8693,10.1789,,
2015-06-28,14.8693,10.1789,,
2015-06-29,14.8346,9.9218,,
2015-06-30,14.8716,9.6985,,
2015-07-01,14.9246,9.8568,,
2015-07-02,14.9517,9.4104,,
2015-07-03,14.9609,9.2842,,
2015-07-04,14.9609,9.2842,,
2015-07-05,14.9609,9.2842,,
2015-07-06,15.0122,9.6589,,
2015-07-07,15.0194,9.718,,
2015-07-08,14.9529,10.2266,,
2015-07-09,14.9481,10.4036,,
2015-07-10,14.9624,11.2835,,
2015-07-11,14.9624,11.2835,,
2015-07-12,14.9624,11.2835,,
2015-07-13,14.9866,11.4635,,
2015-07-14,15.0003,11.5654,,
2015-07-15,15.0069,11.0216,,
2015-07-16,15.0438,10.7497,,
2015-07-17,15.0423,10.6572,,
2015-07-18,15.0423,10.6572,,
2015-07-19,15.0423,10.6572,,
2015-07-20,15.0388,10.6315,,
2015-07-21,14.983,9.9791,,
2015-07-22,14.9906,9.8623,,
2015-07-23,14.9701,9.696,,
2015-07-24,14.9378,9.8335,,
2015-07-25,14.9378,9.8335,,
2015-07-26,14.9378,9.8335,,
2015-07-27,14.9038,9.5835,,
2015-07-28,14.8925,9.6399,,
2015-07-29,14.9259,9.8858,,
2015-07-30,14.9544,10.0738,,
2015-07-31,15.0079,10.6981,,
2015-08-01,15.0079,10.6981,,
2015-08-02,15.0079,10.6981,,
2015-08-03,15.0263,10.8339,,
2015-08-04,15.0314,10.5608,,
2015-08-05,15.0466,10.7345,,
2015-08-06,15.0779,11.1841,,
2015-08-07,15.0878,11.4083,,
2015-08-08,15.0878,11.4083,,
2015-08-09,15.0878,11.4083,,
2015-08-10,15.0629,11.2244,,
2015-08-11,15.044,10.8834,,
2015-08-12,14.972,10.0122,,
2015-08-13,14.9844,10.2475,,
2015-08-14,15.0682,10.5193,,
2015-08-15,15.0682,10.5193,,
2015-08-16,15.0682,10.5193,,
2015-08-17,15.0875,10.6608,,
2015-08-18,15.0875,10.6608,,
2015-08-19,15.1098,10.0159,,
2015-08-20,15.0465,9.4363,,
2015-08-21,15.0063,8.9917,,
2015-08-22,15.0063,8.9917,,
2015-08-23,15.0063,8.9917,,
2015-08-24,14.6929,6.7154,,
2015-08-25,14.7725,7.4887,,
2015-08-26,14.7541,7.3767,,
2015-08-27,14.8488,7.8415,,
2015-08-28,14.8697,7.9227,,
2015-08-29,14.8697,7.9227,,
2015-08-30,14.8697,7.9227,,
2015-08-31,14.8678,7.9089,,
2015-09-01,14.8154,7.0284,,
2015-09-02,14.7929,6.7748,,
2015-09-03,14.8403,6.9764,,
2015-09-04,14.7626,6.4554,,
2015-09-05,14.7626,6.4554,,
2015-09-06,14.7626,6.4554,,
2015-09-07,14.6732,5.8108,,
2015-09-08,14.7463,5.9916,,
2015-09-09,14.8239,6.5165,,
2015-09-10,14.8257,6.672,,
2015-09-11,14.8256,6.5999,,
2015-09-12,14.8256,6.5999,,
2015-09-13,14.8256,6.5999,,
2015-09-14,14.8649,6.8825,,
2015-09-15,14.8206,6.5372,,
2015-09-16,14.8255,7.0889,,
2015-09-17,14.8255,7.0889,,
2015-09-18,14.9149,7.2382,,
2015-09-19,14.9149,7.2382,,
2015-09-20,14.9149,7.2382,,
2015-09-21,14.9179,7.2597,,
2015-09-22,14.8493,6.6323,,
2015-09-23,14.8573,7.0372,,
2015-09-24,14.8708,7.2805,,
2015-09-25,14.8708,7.2805,,
2015-09-26,14.8708,7.2805,,
2015-09-27,14.8708,7.2805,,
2015-09-28,14.8451,7.0951,,
2015-09-29,14.9279,7.6319,,
2015-09-30,14.9888,8.213,,
2015-10-01,14.9632,8.0282,,
2015-10-02,14.9632,8.0282,,
2015-10-03,14.9632,8.0282,,
2015-10-04,14.9632,8.0282,,
2015-10-05,15.0381,8.5689,,
2015-10-06,15.0333,8.5343,,
2015-10-07,15.0259,8.758,,
2015-10-08,15.0193,8.5594,,
2015-10-09,15.0214,8.5283,,
2015-10-10,15.0214,8.5283,,
2015-10-11,15.0214,8.5283,,
2015-10-12,15.0001,8.3744,,
2015-10-13,15.0006,8.1654,,
2015-10-14,15.0067,8.1104,,
2015-10-15,15.0528,8.4425,,
2015-10-16,15.0629,8.7456,,
2015-10-17,15.0629,8.7456,,
2015-10-18,15.0629,8.7456,,
2015-10-19,15.069,8.7897,,
2015-10-20,15.0757,8.3515,,
2015-10-21,15.056,7.6474,,
2015-10-22,15.056,7.6474,,
2015-10-23,15.0529,7.6253,,
2015-10-24,15.0529,7.6253,,
2015-10-25,15.0529,7.6253,,
2015-10-26,15.0223,7.4065,,
2015-10-27,15.0377,7.565,,
2015-10-28,15.0368,7.4879,,
2015-10-29,15.0048,7.132,,
2015-10-30,14.9968,6.8955,,
2015-10-31,14.9991,6.5474,,
2015-11-01,14.9991,6.5474,,
2015-11-02,15.0066,6.6007,,
2015-11-03,15.0061,6.3938,,
2015-11-04,14.9971,6.33,,
2015-11-05,14.9562,5.8824,,
2015-11-06,14.946,5.6792,,
2015-11-07,14.946,5.6792,,
2015-11-08,14.946,5.6792,,
2015-11-09,14.921,5.5024,,
2015-11-10,14.8883,4.9366,,
2015-11-11,14.8883,4.9366,,
2015-11-12,14.8883,4.9366,,
2015-11-13,14.9044,4.9753,,
2015-11-14,14.9044,4.9753,,
2015-11-15,14.9044,4.9753,,
2015-11-16,14.919,5.0782,,
2015-11-17,14.8967,4.3925,,
2015-11-18,14.8536,3.8968,,
2015-11-19,14.8954,4.3709,,
2015-11-20,14.8941,4.3289,,
2015-11-21,14.8941,4.3289,,
2015-11-22,14.8941,4.3289,,
2015-11-23,14.8898,4.2988,,
2015-11-24,14.8996,4.467,,
2015-11-25,14.8996,4.467,,
2015-11-26,14.911,4.511,,
2015-11-27,14.9131,3.9117,,
2015-11-28,14.9131,3.9117,,
2015-11-29,14.9131,3.9117,,
2015-11-30,14.904,3.8483,,
2015-12-01,14.9548,4.3324,,
2015-12-02,14.9276,3.6754,,
2015-12-03,14.9244,3.2988,,
2015-12-04,14.8758,2.8983,,
2015-12-05,14.8758,2.8983,,
2015-12-06,14.8758,2.8983,,
2015-12-07,14.8978,3.0505,,
2015-12-08,14.8527,2.9457,,
2015-12-09,14.842,3.3422,,
2015-12-10,14.849,3.0393,,
2015-12-11,14.8207,3.14,,
2015-12-12,14.8207,3.14,,
2015-12-13,14.8207,3.14,,
2015-12-14,14.8279,3.1901,,
2015-12-15,14.8474,3.3474,,
2015-12-16,14.8836,4.6034,,
2015-12-17,14.9153,4.6651,,
2015-12-18,14.8764,3.5175,,
2015-12-19,14.8764,3.5175,,
2015-12-20,14.8764,3.5175,,
2015-12-21,14.8759,3.514,,
2015-12-22,14.8823,3.3005,,
2015-12-23,14.9058,3.7611,,
2015-12-24,14.9058,3.7611,,
2015-12-25,14.9058,3.7611,,
2015-12-26,14.9058,3.7611,,
2015-12-27,14.9058,3.7611,,
2015-12-28,14.9135,3.8147,,
2015-12-29,14.9125,3.4843,,
2015-12-30,14.9098,3.1813,,
2015-12-31,14.9135,2.9327,,
2016-01-01,14.9389,2.9531,19.7987,
2016-01-02,14.9389,2.9531,19.7987,
2016-01-03,14.9389,2.9531,19.7987,
2016-01-04,14.9159,2.7945,19.5989,
2016-01-05,14.9297,2.9138,19.7096,
2016-01-06,14.9352,3.5994,19.7537,
2016-01-07,14.9073,3.149,19.372,
2016-01-08,14.9235,2.8186,19.5899,
2016-01-09,14.9235,2.8186,19.5899,
2016-01-10,14.9235,2.8186,19.5899,
2016-01-11,14.9243,2.8241,19.9105,
2016-01-12,14.9093,2.3772,19.79,
2016-01-13,14.9061,2.1862,19.7643,
2016-01-14,14.8956,2.1835,18.9668,
2016-01-15,14.8538,1.0641,18.9293,
2016-01-16,14.8538,1.0641,18.9293,
2016-01-17,14.8538,1.0641,18.9293,
2016-01-18,14.8283,0.8906,18.6606,
2016-01-19,14.8548,0.9555,18.8726,
2016-01-20,14.8369,0.5523,18.7294,
2016-01-21,14.8484,0.441,18.6287,
2016-01-22,14.8755,0.426,19.7291,
2016-01-23,14.8755,0.426,19.7291,
2016-01-24,14.8755,0.426,19.7291,
2016-01-25,14.8857,0.4949,19.8112,
2016-01-26,14.8857,0.4949,19.8112,
2016-01-27,14.9208,0.5845,20.0937,
2016-01-28,14.9205,0.4403,19.472,
2016-01-29,14.9701,1.1637,20.208,
2016-01-30,14.9701,1.1637,20.208,
2016-01-31,14.9738,1.1887,20.286,
2016-02-01,14.9592,1.09,20.3079,
2016-02-02,14.8972,0.4992,19.8092,
2016-02-03,14.864,0.6085,19.5422,
2016-02-04,14.8883,0.9876,20.0234,
2016-02-05,14.9342,1.5207,20.5499,
2016-02-06,14.9342,1.5207,20.5499,
2016-02-07,14.9342,1.5207,20.5499,
2016-02-08,14.9277,1.4765,20.6708,
2016-02-09,14.9192,1.9008,20.6021,
2016-02-10,14.8981,1.4809,20.4315,
2016-02-11,14.8459,0.6945,20.0435,
2016-02-12,14.869,0.2535,20.8096,
2016-02-13,14.869,0.2535,20.8096,
2016-02-14,14.869,0.2535,20.8096,
2016-02-15,14.9015,0.4726,21.1928,
2016-02-16,14.8566,0.2531,20.8276,
2016-02-17,14.8553,0.2443,20.817,
2016-02-18,14.8806,0.2486,21.3643,
2016-02-19,14.8806,0.2486,21.3643,
2016-02-20,14.8806,0.2486,21.3643,
2016-02-21,14.8806,0.2486,21.3643,
2016-02-22,14.8862,0.2863,21.3308,
2016-02-23,14.8184,0.0702,20.7782,
2016-02-24,14.8048,0.0676,20.6674,
2016-02-25,14.7568,-0.3895,20.5158,
2016-02-26,14.8075,-0.1524,21.8273,
2016-02-27,14.8075,-0.1524,21.8273,
2016-02-28,14.8075,-0.1524,21.8273,
2016-02-29,14.9001,0.472,22.6134,
2016-03-01,14.9603,0.2137,23.1088,
2016-03-02,14.9808,0.1578,23.2775,
2016-03-03,14.9825,0.2523,23.5497,
2016-03-04,15.0187,0.5066,22.016,
2016-03-05,15.0187,0.5066,22.016,
2016-03-06,15.0187,0.5066,22.016,
2016-03-07,15.0187,0.5066,22.016,
2016-03-08,15.0223,1.033,22.0452,
2016-03-09,15.0269,1.1048,22.0826,
2016-03-10,15.0176,1.1027,22.014,
2016-03-11,15.0414,1.2548,22.4132,
2016-03-12,15.0414,1.2548,22.4132,
2016-03-13,15.0414,1.2548,22.4132,
2016-03-14,15.0694,1.4433,22.744,
2016-03-15,15.0544,1.5193,22.6218,
2016-03-16,15.0707,1.3115,22.7546,
2016-03-17,15.1235,1.7048,23.5257,
2016-03-18,15.1169,2.1212,25.0623,
2016-03-19,15.1169,2.1212,25.0623,
2016-03-20,15.1169,2.1212,25.0623,
2016-03-21,15.1611,2.4198,25.511,
2016-03-22,15.164,2.774,25.535,
2016-03-23,15.15,3.0094,25.2087,
2016-03-24,15.15,3.0094,25.2087,
2016-03-25,15.15,3.0094,25.2087,
2016-03-26,15.15,3.0094,25.2087,
2016-03-27,15.15,3.0094,25.2087,
2016-03-28,15.1378,2.9264,25.1079,
2016-03-29,15.1456,2.4216,25.1723,
2016-03-30,15.1725,2.4511,25.3946,
2016-03-31,15.1806,2.5058,25.4989,
2016-04-01,15.1806,2.5058,25.4989,
2016-04-02,15.1806,2.5058,25.4989,
2016-04-03,15.1806,2.5058,25.4989,
2016-04-04,15.1844,2.5315,25.3086,
2016-04-05,15.1898,1.6884,25.3532,
2016-04-06,15.1982,1.8414,25.4225,
2016-04-07,15.2027,1.8245,25.1354,
2016-04-08,15.2027,1.8245,25.1354,
2016-04-09,15.2027,1.8245,25.1354,
2016-04-10,15.2027,1.8245,25.1354,
2016-04-11,15.2293,2.0026,25.4297,
2016-04-12,15.2594,2.0122,25.6776,
2016-04-13,15.2559,2.487,25.0617,
2016-04-14,15.2559,2.487,25.0617,
2016-04-15,15.2559,2.487,25.0617,
2016-04-16,15.2559,2.487,25.0617,
2016-04-17,15.2559,2.487,25.0617,
2016-04-18,15.2923,3.0492,25.3601,
2016-04-19,15.2923,3.0492,25.3601,
2016-04-20,15.291,2.9732,25.3494,
2016-04-21,15.2722,2.8611,24.7821,
2016-04-22,15.2877,3.7326,24.5069,
2016-04-23,15.2877,3.7326,24.5069,
2016-04-24,15.2877,3.7326,24.5069,
2016-04-25,15.2666,3.5895,24.2561,
2016-04-26,15.2827,4.2277,24.3871,
2016-04-27,15.297,3.7422,24.5035,
2016-04-28,15.2956,3.7806,24.2403,
2016-04-29,15.3374,4.3929,24.3889,
2016-04-30,15.3394,4.4065,24.042,
2016-05-01,15.3394,4.4065,24.042,
2016-05-02,15.3524,4.495,24.3683,
2016-05-03,15.3401,4.4112,24.2687,
2016-05-04,15.328,3.9722,24.1707,
2016-05-05,15.3247,4.7972,23.9792,
2016-05-06,15.3367,5.221,23.4809,
2016-05-07,15.3367,5.221,23.4809,
2016-05-08,15.3367,5.221,23.4809,
2016-05-09,15.3558,5.3521,23.4528,
2016-05-10,15.3585,4.4583,23.4745,
2016-05-11,15.3605,5.1045,23.4906,
2016-05-12,15.3636,4.7837,23.8401,
2016-05-13,15.3569,4.4339,22.3238,
2016-05-14,15.3569,4.4339,22.3238,
2016-05-15,15.3569,4.4339,22.3238,
2016-05-16,15.3696,4.5203,22.3081,
2016-05-17,15.3721,4.0645,22.328,
2016-05-18,15.36,3.7642,22.2317,
2016-05-19,15.3616,3.6748,22.4549,
2016-05-20,15.3559,3.6608,23.3386,
2016-05-21,15.3559,3.6608,23.3386,
2016-05-22,15.3559,3.6608,23.3386,
2016-05-23,15.3637,3.7135,23.1579,
2016-05-24,15.3551,3.8054,23.0889,
2016-05-25,15.359,4.0075,23.1202,
2016-05-26,15.377,4.0815,22.9796,
2016-05-27,15.3783,3.6029,23.1012,
2016-05-28,15.3783,3.6029,23.1012,
2016-05-29,15.3783,3.6029,23.1012,
2016-05-30,15.3767,3.5921,23.5543,
2016-05-31,15.3754,3.7203,23.5438,
2016-06-01,15.3695,4.3146,23.4964,
2016-06-02,15.3717,4.5587,23.6363,
2016-06-03,15.379,4.5344,23.4973,
2016-06-04,15.379,4.5344,23.4973,
2016-06-05,15.379,4.5344,23.4973,
2016-06-06,15.4118,4.7574,23.8085,
2016-06-07,15.4058,4.9163,23.7603,
2016-06-08,15.4098,4.8928,23.7924,
2016-06-09,15.4146,4.76,24.1001,
2016-06-10,15.4142,5.2559,24.7003,
2016-06-11,15.4142,5.2559,24.7003,
2016-06-12,15.4142,5.2559,24.7003,
2016-06-13,15.4095,5.2238,24.3664,
2016-06-14,15.4159,5.0158,24.4181,
2016-06-15,15.4204,4.8736,24.4544,
2016-06-16,15.4403,4.7354,24.25,
2016-06-17,15.4355,3.9344,25.3818,
2016-06-18,15.4355,3.9344,25.3818,
2016-06-19,15.4355,3.9344,25.3818,
2016-06-20,15.4452,3.9997,25.483,
2016-06-21,15.4557,3.7992,25.5683,
2016-06-22,15.4716,3.8063,25.6975,
2016-06-23,15.4684,4.0564,26.2634,
2016-06-24,15.5043,4.2705,26.6557,
2016-06-25,15.5043,4.2705,26.6557,
2016-06-26,15.5043,4.2705,26.6557,
2016-06-27,15.5446,4.5416,26.2495,
2016-06-28,15.5556,4.8603,26.3389,
2016-06-29,15.5652,4.6639,26.4168,
2016-06-30,15.5626,4.2748,26.3957,
2016-07-01,15.579,4.1314,26.3258,
2016-07-02,15.579,4.1314,26.3258,
2016-07-03,15.579,4.1314,26.3258,
2016-07-04,15.5845,4.1682,26.4545,
2016-07-05,15.5866,3.7764,26.4715,
2016-07-06,15.5866,3.7764,26.4715,
2016-07-07,15.5886,4.2513,26.9358,
2016-07-08,15.5902,4.2955,26.7053,
